{"transforms": [[[[-0.9371237360934448, 0.13814735442975634, 0.32049089178059836, -0.23637323799271573], [0.13071449650537703, 0.9904116863527305, -0.04470360096554302, -0.285156793917128], [-0.32359360879598614, 0.0, -0.9461961616633152, 0.07158995895598652], [0.0, 0.0, 0.0, 1.0]], [[-0.9287841945489913, -0.1468668959411629, -0.34027934823111033, 0.22915338228265444], [-0.1379030357473119, 0.9891562641345439, -0.0505236365978142, -0.2745592176435664], [0.3440096985372029, 0.0, -0.9389660948683626, 0.031885979297327435], [0.0, 0.0, 0.0, 1.0]]], [[[0.2207975988735945, -0.9587056578335021, -0.17925368049132806, -0.1372139479149761], [-0.04023039860383432, 0.17468084324808986, -0.9838028857603096, 0.006628697064366369], [0.9744895768348844, 0.22443276195816006, -1.3742543177793028e-17, 0.09307991492446288], [0.0, 0.0, 0.0, 1.0]], [[-0.23140887905747945, -0.9728564857161954, -0.0004346185623732111, 0.29473169956756984], [0.9728547698866632, -0.23140928719464546, 0.0018271586777841877, -0.1819516609242909], [-0.0018781379418353215, 1.2246446392345854e-16, 0.9999982362973804, 0.057712735062823615], [0.0, 0.0, 0.0, 1.0]]], [[[0.9712656840441284, 0.15585597813102975, 0.17986629778563737, -0.21953274138919254], [-0.15325031419124505, 0.9877797902775801, -0.028380047911599777, -0.30818465982603627], [-0.1820914940313695, 1.2041726534535112e-16, 0.9832815913060836, -0.11898543884807637], [0.0, 0.0, 0.0, 1.0]], [[-0.23140887905747945, -0.9728564857161954, -0.0004346185623732111, 0.29473169956756984], [0.9728547698866632, -0.23140928719464546, 0.0018271586777841877, -0.1819516609242909], [-0.0018781379418353215, 1.2246446392345854e-16, 0.9999982362973804, 0.057712735062823615], [0.0, 0.0, 0.0, 1.0]]], [[[-0.97713546626456, -0.09080049698963726, 0.19225386943928027, -0.21143899924542528], [-0.08909241758877312, 0.9958691027170362, 0.01752915804460659, -0.3011071136921992], [-0.19305134471463445, 0.0, -0.9811886558169491, 0.009062759635154568], [0.0, 0.0, 0.0, 1.0]], [[-0.23140887905747945, -0.9728564857161954, -0.0004346185623732111, 0.29473169956756984], [0.9728547698866632, -0.23140928719464546, 0.0018271586777841877, -0.1819516609242909], [-0.0018781379418353215, 1.2246446392345854e-16, 0.9999982362973804, 0.057712735062823615], [0.0, 0.0, 0.0, 1.0]]], [[[0.9497611408107851, 0.19674393234303383, 0.2434041916072848, -0.23087953722181265], [0.19058473801726133, -0.9804549072171549, 0.04884293755183175, -0.16282036190533913], [0.2482563856997196, 0.0, -0.9686943619941804, 0.02437202714731162], [0.0, 0.0, 0.0, 1.0]], [[-0.23140887905747945, -0.9728564857161954, -0.0004346185623732111, 0.29473169956756984], [0.9728547698866632, -0.23140928719464546, 0.0018271586777841877, -0.1819516609242909], [-0.0018781379418353215, 1.2246446392345854e-16, 0.9999982362973804, 0.057712735062823615], [0.0, 0.0, 0.0, 1.0]]], [[[0.9324429624840868, -0.05256615703651673, -0.3574729651992054, -0.21400615462309186], [-0.0490828029252428, -0.9986174438364335, 0.018816995578187137, -0.17051363711802617], [-0.3579678758923792, 0.0, -0.9337339020454909, 0.03073669685981107], [0.0, 0.0, 0.0, 1.0]], [[-0.23140887905747945, -0.9728564857161954, -0.0004346185623732111, 0.29473169956756984], [0.9728547698866632, -0.23140928719464546, 0.0018271586777841877, -0.1819516609242909], [-0.0018781379418353215, 1.2246446392345854e-16, 0.9999982362973804, 0.057712735062823615], [0.0, 0.0, 0.0, 1.0]]], [[[0.9309007663044206, 0.2546699986268847, 0.26185292645533875, -0.23474640250806025], [0.24515576791057467, -0.9670280201728295, 0.0689598264266516, -0.1737719733010983], [0.2707811159479534, 0.0, -0.9626409440938927, 0.04597223383987468], [0.0, 0.0, 0.0, 1.0]], [[-0.23140887905747945, -0.9728564857161954, -0.0004346185623732111, 0.29473169956756984], [0.9728547698866632, -0.23140928719464546, 0.0018271586777841877, -0.1819516609242909], [-0.0018781379418353215, 1.2246446392345854e-16, 0.9999982362973804, 0.057712735062823615], [0.0, 0.0, 0.0, 1.0]]], [[[-0.9733983750891365, 0.2151151430478379, -0.07887381444647486, -0.232162257071259], [-0.2144124053531835, -0.9765886929672636, -0.017373692732228566, -0.12094754240142443], [-0.08076461975698788, 1.2206461255722376e-16, 0.9967332021135391, -0.004818164792538256], [0.0, 0.0, 0.0, 1.0]], [[-0.9287841945489913, -0.1468668959411629, -0.34027934823111033, 0.22915338228265444], [-0.1379030357473119, 0.9891562641345439, -0.0505236365978142, -0.2745592176435664], [0.3440096985372029, 0.0, -0.9389660948683626, 0.031885979297327435], [0.0, 0.0, 0.0, 1.0]]], [[[-0.955140601834227, 0.19794152806384166, 0.22028522918140034, -0.23100528863243763], [-0.1928783134458858, -0.9802138294615881, 0.044483758097976084, -0.12054483782913088], [0.2247318111216597, 1.1933211362815202e-16, 0.9744206550920289, -0.002067036688094763], [0.0, 0.0, 0.0, 1.0]], [[-0.9287841945489913, -0.1468668959411629, -0.34027934823111033, 0.22915338228265444], [-0.1379030357473119, 0.9891562641345439, -0.0505236365978142, -0.2745592176435664], [0.3440096985372029, 0.0, -0.9389660948683626, 0.031885979297327435], [0.0, 0.0, 0.0, 1.0]]], [[[0.2179683919804701, -0.9728386257666739, 0.07794092836153352, 0.3452489328241524], [0.017040496374005912, -0.07605530748859801, -0.9969579788968752, -0.1916057752918267], [0.97580705140964, 0.2186334796393827, -1.3387439551340903e-17, 0.09355419042666244], [0.0, 0.0, 0.0, 1.0]], [[-0.23140887905747945, -0.9728564857161954, -0.0004346185623732111, 0.29473169956756984], [0.9728547698866632, -0.23140928719464546, 0.0018271586777841877, -0.1819516609242909], [-0.0018781379418353215, 1.2246446392345854e-16, 0.9999982362973804, 0.057712735062823615], [0.0, 0.0, 0.0, 1.0]]], [[[0.2918664341407299, 0.9560612562261857, 0.027583672075754122, -0.2950499375640007], [0.9518200033119897, -0.29316697348645493, 0.08995447155064717, -0.177402150369076], [0.09408860673396609, 0.0, -0.9955638272269945, 0.09082192349407842], [0.0, 0.0, 0.0, 1.0]], [[0.17990031408553955, -0.9828514588985513, 0.04048316604359779, -0.114107796243], [-0.9588730847314834, -0.1843990502713864, -0.2157762675470597, 0.22531869872945914], [0.21954107672473003, 0.0, -0.9756032572877903, 0.033001817983626086], [0.0, 0.0, 0.0, 1.0]]], [[[-0.9287841945489913, -0.1468668959411629, -0.34027934823111033, 0.22915338228265444], [-0.1379030357473119, 0.9891562641345439, -0.0505236365978142, -0.2745592176435664], [0.3440096985372029, 0.0, -0.9389660948683626, 0.031885979297327435], [0.0, 0.0, 0.0, 1.0]], [[0.9320528370276586, 0.27603500333191694, -0.23469594356153986, 0.18156162384164556], [-0.22503449636736106, -0.06664579033164562, -0.9720688319639502, 0.1379267524663291], [-0.2839665199163117, 0.9588341960769958, -5.871166145693593e-17, -0.2282822811807294], [0.0, 0.0, 0.0, 1.0]]], [[[-0.3269987448773623, -0.9263608521763598, 0.1868887166302942, -0.14804527371227788], [0.062208420277080026, 0.17623139575668287, 0.9823810908177547, -0.01721954514610431], [-0.942975043834809, 0.3328634355178413, -2.0382007043005787e-17, 0.085937066119149], [0.0, 0.0, 0.0, 1.0]], [[-0.23140887905747945, -0.9728564857161954, -0.0004346185623732111, 0.29473169956756984], [0.9728547698866632, -0.23140928719464546, 0.0018271586777841877, -0.1819516609242909], [-0.0018781379418353215, 1.2246446392345854e-16, 0.9999982362973804, 0.057712735062823615], [0.0, 0.0, 0.0, 1.0]]], [[[-0.12236450990701585, 0.9517298458530881, -0.28149107841576976, -0.32855349585933646], [-0.03589601466372781, 0.27919295005235084, 0.9595638450735453, 0.018480096826475934], [0.9918358749543582, 0.12752096750543707, -7.808407233985357e-18, 0.09976650394165212], [0.0, 0.0, 0.0, 1.0]], [[-0.9287841945489913, -0.1468668959411629, -0.34027934823111033, 0.22915338228265444], [-0.1379030357473119, 0.9891562641345439, -0.0505236365978142, -0.2745592176435664], [0.3440096985372029, 0.0, -0.9389660948683626, 0.031885979297327435], [0.0, 0.0, 0.0, 1.0]]], [[[-0.23140887905747945, -0.9728564857161954, -0.0004346185623732111, 0.29473169956756984], [0.9728547698866632, -0.23140928719464546, 0.0018271586777841877, -0.1819516609242909], [-0.0018781379418353215, 1.2246446392345854e-16, 0.9999982362973804, 0.057712735062823615], [0.0, 0.0, 0.0, 1.0]], [[-0.9425708668585532, -0.15805807822203405, 0.29424106589372107, 0.21074881266953235], [0.29018938185470405, 0.048661355479043863, 0.9557312358303076, -0.027971081302436557], [-0.16537921153609514, 0.9862300524683376, -6.03891738489138e-17, -0.246564013634923], [0.0, 0.0, 0.0, 1.0]]], [[[-0.9547139525066787, -0.2814257098147473, 0.09654449100979813, 0.23773698819420025], [-0.27999771411844326, 0.9595830187405703, 0.028314488043771385, -0.2644002151938575], [-0.10061087902171348, 0.0, -0.9949258520223898, 0.06537686528744013], [0.0, 0.0, 0.0, 1.0]], [[0.9320528370276586, 0.27603500333191694, -0.23469594356153986, 0.18156162384164556], [-0.22503449636736106, -0.06664579033164562, -0.9720688319639502, 0.1379267524663291], [-0.2839665199163117, 0.9588341960769958, -5.871166145693593e-17, -0.2282822811807294], [0.0, 0.0, 0.0, 1.0]]], [[[-0.9371237360934448, 0.13814735442975634, 0.32049089178059836, -0.23637323799271573], [0.13071449650537703, 0.9904116863527305, -0.04470360096554302, -0.285156793917128], [-0.32359360879598614, 0.0, -0.9461961616633152, 0.07158995895598652], [0.0, 0.0, 0.0, 1.0]], [[0.9453074092825539, 0.1045131657176992, 0.30898365676386697, 0.2112108621465538], [0.09934111120942749, -0.9945235030866113, 0.03247068573361849, -0.12716645263324428], [0.31068512288035705, 0.0, -0.9505128901918258, 0.07483426416333917], [0.0, 0.0, 0.0, 1.0]]], [[[0.21714692415024572, -0.7257411059013105, -0.652799402984738, -0.17712062777147392], [-0.2290694758427647, -0.6879679114647302, 0.6886416542963243, 0.09253558934553563], [-0.9488805976355553, 0.0, -0.3156352506149963, 0.10839127938522905], [0.0, 0.0, 0.0, 1.0]], [[-0.9287841945489913, -0.1468668959411629, -0.34027934823111033, 0.22915338228265444], [-0.1379030357473119, 0.9891562641345439, -0.0505236365978142, -0.2745592176435664], [0.3440096985372029, 0.0, -0.9389660948683626, 0.031885979297327435], [0.0, 0.0, 0.0, 1.0]]], [[[0.2918664341407299, 0.9560612562261857, 0.027583672075754122, -0.2950499375640007], [0.9518200033119897, -0.29316697348645493, 0.08995447155064717, -0.177402150369076], [0.09408860673396609, 0.0, -0.9955638272269945, 0.09082192349407842], [0.0, 0.0, 0.0, 1.0]], [[-0.21775240615142377, -0.7705708291944656, -0.5990029105186545, 0.32227359847543957], [-0.2632658677655828, 0.6373543733234704, -0.7242033455287824, -0.07017993682672202], [0.9398270971220718, 0.0, -0.34165044638504416, 0.10840205535672173], [0.0, 0.0, 0.0, 1.0]]], [[[-0.35588888953052383, -0.9325318941196066, -0.0610521478609035, -0.14447786276755453], [0.021768388342269678, 0.05703947779748481, -0.9981345777206451, 0.03703451932433348], [0.9342747109805075, -0.3565540133307845, 6.549790967230318e-17, 0.1324681989990862], [0.0, 0.0, 0.0, 1.0]], [[-0.9287841945489913, -0.1468668959411629, -0.34027934823111033, 0.22915338228265444], [-0.1379030357473119, 0.9891562641345439, -0.0505236365978142, -0.2745592176435664], [0.3440096985372029, 0.0, -0.9389660948683626, 0.031885979297327435], [0.0, 0.0, 0.0, 1.0]]], [[[-0.9547139525066787, -0.2814257098147473, 0.09654449100979813, 0.23773698819420025], [-0.27999771411844326, 0.9595830187405703, 0.028314488043771385, -0.2644002151938575], [-0.10061087902171348, 0.0, -0.9949258520223898, 0.06537686528744013], [0.0, 0.0, 0.0, 1.0]], [[-0.8470039102678258, 0.3464673080867793, 0.40316842686166976, 0.12936314208635724], [0.3128355587995476, 0.9380620472160147, -0.14890771881764236, 0.09000866273950879], [-0.4297886563668097, 0.0, -0.902929515996909, 0.10172947243084449], [0.0, 0.0, 0.0, 1.0]]], [[[0.2918664341407299, 0.9560612562261857, 0.027583672075754122, -0.2950499375640007], [0.9518200033119897, -0.29316697348645493, 0.08995447155064717, -0.177402150369076], [0.09408860673396609, 0.0, -0.9955638272269945, 0.09082192349407842], [0.0, 0.0, 0.0, 1.0]], [[0.7619565593975526, -0.6422368068422959, 0.08339115977161811, -0.14442887399923904], [-0.6384247039534666, -0.766506284342804, -0.06987140649018807, 0.2572204644245767], [0.10879383701741856, 0.0, -0.9940643344507575, 0.09926947388839111], [0.0, 0.0, 0.0, 1.0]]], [[[-0.9287841945489913, -0.1468668959411629, -0.34027934823111033, 0.22915338228265444], [-0.1379030357473119, 0.9891562641345439, -0.0505236365978142, -0.2745592176435664], [0.3440096985372029, 0.0, -0.9389660948683626, 0.031885979297327435], [0.0, 0.0, 0.0, 1.0]], [[-0.9781862375020888, 0.19348380742938384, 0.07560225541699343, 0.18705277825410374], [0.19290849910143326, 0.9811034686834152, -0.014909551026211675, -0.060455164258787095], [-0.07705839172951588, 0.0, -0.9970265815233115, -0.19433629790762919], [0.0, 0.0, 0.0, 1.0]]], [[[-0.9287841945489913, -0.1468668959411629, -0.34027934823111033, 0.22915338228265444], [-0.1379030357473119, 0.9891562641345439, -0.0505236365978142, -0.2745592176435664], [0.3440096985372029, 0.0, -0.9389660948683626, 0.031885979297327435], [0.0, 0.0, 0.0, 1.0]], [[0.09156227040609195, -0.8175865761917354, 0.5684791474356446, 0.3050905922345129], [-0.13000928041996657, -0.5758056880850307, -0.8071836201098278, -0.20644459742426696], [0.9872760189748175, 0.0, -0.1590159185655191, 0.10817652950790119], [0.0, 0.0, 0.0, 1.0]]], [[[-0.12944704375379146, 0.5804625144468502, -0.8039320445071488, -0.31579969651665935], [-0.17498389517342047, 0.7846574849036883, 0.5947211681238156, -0.20358233756496175], [0.9760246407203772, 0.21766005767402205, -1.332783464663597e-17, 0.09368305646617563], [0.0, 0.0, 0.0, 1.0]], [[0.2918664341407299, 0.9560612562261857, 0.027583672075754122, -0.2950499375640007], [0.9518200033119897, -0.29316697348645493, 0.08995447155064717, -0.177402150369076], [0.09408860673396609, 0.0, -0.9955638272269945, 0.09082192349407842], [0.0, 0.0, 0.0, 1.0]]], [[[-0.0528700425980288, 0.9986008418344297, 0.001057016201833106, -0.25475241791643805], [0.9984013267528203, 0.052880607859292966, -0.01996076277700496, 0.208763710511814], [-0.01998873017204456, 0.0, -0.9998002053741083, 0.13185860691269335], [0.0, 0.0, 0.0, 1.0]], [[-0.9547139525066787, -0.2814257098147473, 0.09654449100979813, 0.23773698819420025], [-0.27999771411844326, 0.9595830187405703, 0.028314488043771385, -0.2644002151938575], [-0.10061087902171348, 0.0, -0.9949258520223898, 0.06537686528744013], [0.0, 0.0, 0.0, 1.0]]], [[[-0.9287841945489913, -0.1468668959411629, -0.34027934823111033, 0.22915338228265444], [-0.1379030357473119, 0.9891562641345439, -0.0505236365978142, -0.2745592176435664], [0.3440096985372029, 0.0, -0.9389660948683626, 0.031885979297327435], [0.0, 0.0, 0.0, 1.0]], [[0.15973385403415039, -0.9862582048697607, 0.04218825905953146, 0.2521947293617059], [-0.9535599730739359, -0.16521123850113043, -0.2518504008814704, 0.22370423349340066], [0.25535949879852027, 0.0, -0.9668461751350982, 0.17423859823290194], [0.0, 0.0, 0.0, 1.0]]], [[[-0.9371237360934448, 0.13814735442975634, 0.32049089178059836, -0.23637323799271573], [0.13071449650537703, 0.9904116863527305, -0.04470360096554302, -0.285156793917128], [-0.32359360879598614, 0.0, -0.9461961616633152, 0.07158995895598652], [0.0, 0.0, 0.0, 1.0]], [[0.9741571485768065, 0.19846002470264693, 0.10784928591201046, 0.20403893840386342], [0.19725485136892815, -0.9801089830192481, 0.021838155059374743, -0.11690328267356297], [0.11003805472711643, 0.0, -0.9939273748679387, 0.004488414881446683], [0.0, 0.0, 0.0, 1.0]]], [[[-0.12236450990701585, 0.9517298458530881, -0.28149107841576976, -0.32855349585933646], [-0.03589601466372781, 0.27919295005235084, 0.9595638450735453, 0.018480096826475934], [0.9918358749543582, 0.12752096750543707, -7.808407233985357e-18, 0.09976650394165212], [0.0, 0.0, 0.0, 1.0]], [[-0.9547139525066787, -0.2814257098147473, 0.09654449100979813, 0.23773698819420025], [-0.27999771411844326, 0.9595830187405703, 0.028314488043771385, -0.2644002151938575], [-0.10061087902171348, 0.0, -0.9949258520223898, 0.06537686528744013], [0.0, 0.0, 0.0, 1.0]]], [[[-0.9371237360934448, 0.13814735442975634, 0.32049089178059836, -0.23637323799271573], [0.13071449650537703, 0.9904116863527305, -0.04470360096554302, -0.285156793917128], [-0.32359360879598614, 0.0, -0.9461961616633152, 0.07158995895598652], [0.0, 0.0, 0.0, 1.0]], [[-0.9472154160608494, 0.2326928787797935, -0.22053793265976815, 0.19301418359694889], [0.22663124899135972, 0.9725502681944889, 0.05276601951487333, -0.3009394058623509], [0.2267625025379823, 0.0, -0.9739500846771931, -0.11509099898952325], [0.0, 0.0, 0.0, 1.0]]], [[[0.2918664341407299, 0.9560612562261857, 0.027583672075754122, -0.2950499375640007], [0.9518200033119897, -0.29316697348645493, 0.08995447155064717, -0.177402150369076], [0.09408860673396609, 0.0, -0.9955638272269945, 0.09082192349407842], [0.0, 0.0, 0.0, 1.0]], [[-0.059623409331140825, -0.9309334788785124, -0.3602886439549288, 0.3291069804174858], [-0.15199104746313613, 0.36518879761453554, -0.9184420850483217, 0.011466794440126195], [0.9865818620625407, 0.0, -0.163267355736565, 0.10839239898776401], [0.0, 0.0, 0.0, 1.0]]], [[[-0.9287841945489913, -0.1468668959411629, -0.34027934823111033, 0.22915338228265444], [-0.1379030357473119, 0.9891562641345439, -0.0505236365978142, -0.2745592176435664], [0.3440096985372029, 0.0, -0.9389660948683626, 0.031885979297327435], [0.0, 0.0, 0.0, 1.0]], [[0.9453074092825539, 0.1045131657176992, 0.30898365676386697, 0.2112108621465538], [0.09934111120942749, -0.9945235030866113, 0.03247068573361849, -0.12716645263324428], [0.31068512288035705, 0.0, -0.9505128901918258, 0.07483426416333917], [0.0, 0.0, 0.0, 1.0]]], [[[0.3783732056531411, 0.9243438590743964, -0.04921531707932043, -0.2195851314346109], [-0.9166224780318003, 0.3815605196970098, 0.1192258469267031, 0.11379979878762958], [0.12898430141148065, 1.2144168782299562e-16, 0.9916466356466864, 0.057645849776083134], [0.0, 0.0, 0.0, 1.0]], [[0.9741571485768065, 0.19846002470264693, 0.10784928591201046, 0.20403893840386342], [0.19725485136892815, -0.9801089830192481, 0.021838155059374743, -0.11690328267356297], [0.11003805472711643, 0.0, -0.9939273748679387, 0.004488414881446683], [0.0, 0.0, 0.0, 1.0]]], [[[0.9249464594541638, 0.17367769326246235, 0.33809777580788236, -0.1642181282078491], [0.33229060575366, 0.062394385437335505, -0.941110989200404, 0.15070772503299976], [-0.18454538864754313, 0.9828239921414859, -6.01806128050647e-17, 0.04833529101231715], [0.0, 0.0, 0.0, 1.0]], [[0.9320528370276586, 0.27603500333191694, -0.23469594356153986, 0.18156162384164556], [-0.22503449636736106, -0.06664579033164562, -0.9720688319639502, 0.1379267524663291], [-0.2839665199163117, 0.9588341960769958, -5.871166145693593e-17, -0.2282822811807294], [0.0, 0.0, 0.0, 1.0]]], [[[0.22190574266220645, 0.7515817656051372, 0.6211945677349403, -0.30114162139647555], [0.25283537262417255, -0.6596399393683381, 0.7077778074651192, -0.02767681435465339], [0.941717641187384, 0.0, -0.33640434639949224, 0.10839372711501843], [0.0, 0.0, 0.0, 1.0]], [[-0.9347834347082037, -0.28742468026612383, -0.20872705471272793, 0.21937774138113114], [-0.19950899122229915, -0.06134448459731882, 0.9779739345355529, -0.049279177409167374], [-0.2938980990353531, 0.9558367577067781, -5.85281212916495e-17, -0.18954731679171916], [0.0, 0.0, 0.0, 1.0]]], [[[-0.9204459153504437, -0.3766154204528834, -0.10459513369073034, -0.12802461481250507], [-0.37420710608966024, 0.9263697021584297, -0.042523131057154356, 0.1048286692811865], [0.11290862972636627, 0.0, -0.993605375052548, 0.1481178543733621], [0.0, 0.0, 0.0, 1.0]], [[0.9705265740115696, -0.21063459403687543, 0.11709499106403315, 0.2138408050191266], [-0.20911806261592467, -0.9775648662850567, -0.025230301085035222, 0.25110547774164604], [0.11978232350863599, 0.0, -0.9928001787745974, -0.16997996267608784], [0.0, 0.0, 0.0, 1.0]]], [[[0.309165530345375, -0.7916860521633172, 0.5269249184241759, -0.1990648710084255], [0.1916752006524964, -0.49082633090651295, -0.8499118368064276, -0.10508750510926204], [0.9314919711415061, 0.3637618832408252, -2.2273991298134492e-17, 0.08384123305680934], [0.0, 0.0, 0.0, 1.0]], [[-0.9870821288197559, -0.003923394099076784, -0.1601670313872439, 0.20022927577611788], [-0.16016576619862746, -0.0006366171604475399, 0.9870899260232563, -0.05414915454991133], [-0.003974707871736843, 0.9999921008174687, -6.123185627193752e-17, -0.19776926399809902], [0.0, 0.0, 0.0, 1.0]]], [[[0.3783732056531411, 0.9243438590743964, -0.04921531707932043, -0.2195851314346109], [-0.9166224780318003, 0.3815605196970098, 0.1192258469267031, 0.11379979878762958], [0.12898430141148065, 1.2144168782299562e-16, 0.9916466356466864, 0.057645849776083134], [0.0, 0.0, 0.0, 1.0]], [[0.9320528370276586, 0.27603500333191694, -0.23469594356153986, 0.18156162384164556], [-0.22503449636736106, -0.06664579033164562, -0.9720688319639502, 0.1379267524663291], [-0.2839665199163117, 0.9588341960769958, -5.871166145693593e-17, -0.2282822811807294], [0.0, 0.0, 0.0, 1.0]]], [[[0.06665431010845464, 0.7767082075209869, -0.6263238485907283, -0.32099095700882113], [0.08219429935878685, -0.6298605880427316, -0.7723469018409944, -0.12546759787704495], [-0.9943848852918492, 0.0, -0.10582390988390056, 0.10838179283299766], [0.0, 0.0, 0.0, 1.0]], [[-0.9472154160608494, 0.2326928787797935, -0.22053793265976815, 0.19301418359694889], [0.22663124899135972, 0.9725502681944889, 0.05276601951487333, -0.3009394058623509], [0.2267625025379823, 0.0, -0.9739500846771931, -0.11509099898952325], [0.0, 0.0, 0.0, 1.0]]], [[[-0.9921490806324835, -0.03186704964866441, -0.12093259670910587, -0.19799684933931125], [-0.12087026524059324, -0.0038822580382916797, 0.9926607210186131, -0.0887237830141848], [-0.03210266002664456, 0.9994845767790586, -6.120077938748106e-17, -0.18982028608708829], [0.0, 0.0, 0.0, 1.0]], [[-0.08688825229633114, 0.9513846351593891, -0.29549569809986254, 0.14676036196546122], [0.26838545749288734, 0.3080053181077171, 0.9127441975842396, 0.02942409681753287], [0.9593850519052414, 0.0, -0.2820998443473114, 0.10839970714066394], [0.0, 0.0, 0.0, 1.0]]], [[[-0.22091495864754931, 0.6697749621826663, 0.7089415216214661, -0.28564677651949355], [0.19925997010777116, 0.7425641386662892, -0.6394481716913751, 0.1374153997744591], [-0.9547209253799782, 0.0, -0.29750286493006806, 0.10824845705466256], [0.0, 0.0, 0.0, 1.0]], [[0.22414715394985238, -0.7110323560195299, 0.6664765877879715, 0.24396836442076134], [-0.22665686279048475, -0.7031592911235095, -0.6739389273937653, 0.2243541603144552], [0.9478315883774694, 0.0, -0.318771517036644, -0.19325925349568326], [0.0, 0.0, 0.0, 1.0]]], [[[0.309165530345375, -0.7916860521633172, 0.5269249184241759, -0.1990648710084255], [0.1916752006524964, -0.49082633090651295, -0.8499118368064276, -0.10508750510926204], [0.9314919711415061, 0.3637618832408252, -2.2273991298134492e-17, 0.08384123305680934], [0.0, 0.0, 0.0, 1.0]], [[-0.9472154160608494, 0.2326928787797935, -0.22053793265976815, 0.19301418359694889], [0.22663124899135972, 0.9725502681944889, 0.05276601951487333, -0.3009394058623509], [0.2267625025379823, 0.0, -0.9739500846771931, -0.11509099898952325], [0.0, 0.0, 0.0, 1.0]]], [[[0.9650274253165952, -0.12016072579550123, -0.2329881292322026, -0.1920611187735148], [-0.23120273096713778, 0.02878828852951924, -0.9724795790333484, -0.09656534099793018], [0.12356118152624021, 0.9923369560889282, -6.076311384749668e-17, -0.19665368274846395], [0.0, 0.0, 0.0, 1.0]], [[0.2179683919804701, -0.9728386257666739, 0.07794092836153352, 0.3452489328241524], [0.017040496374005912, -0.07605530748859801, -0.9969579788968752, -0.1916057752918267], [0.97580705140964, 0.2186334796393827, -1.3387439551340903e-17, 0.09355419042666244], [0.0, 0.0, 0.0, 1.0]]], [[[0.9435805718462136, 0.26739589865084606, -0.19533340169842695, -0.218212509548423], [-0.18793297503037207, -0.0532572503544124, -0.9807368975321165, 0.18703823441490228], [-0.2726479439324751, 0.9621138699080239, -5.891248355990672e-17, -0.2686076002884209], [0.0, 0.0, 0.0, 1.0]], [[0.15973385403415039, -0.9862582048697607, 0.04218825905953146, 0.2521947293617059], [-0.9535599730739359, -0.16521123850113043, -0.2518504008814704, 0.22370423349340066], [0.25535949879852027, 0.0, -0.9668461751350982, 0.17423859823290194], [0.0, 0.0, 0.0, 1.0]]], [[[0.9249464594541638, 0.17367769326246235, 0.33809777580788236, -0.1642181282078491], [0.33229060575366, 0.062394385437335505, -0.941110989200404, 0.15070772503299976], [-0.18454538864754313, 0.9828239921414859, -6.01806128050647e-17, 0.04833529101231715], [0.0, 0.0, 0.0, 1.0]], [[0.10509295629648036, 0.9170289618511588, 0.38472503643908085, 0.1427605353584282], [0.24164569466085759, -0.3988206152221647, 0.884618265200129, 0.1334138671289026], [0.9646568450950513, 0.0, -0.2635093379963267, -0.19147459888752333], [0.0, 0.0, 0.0, 1.0]]], [[[-0.12944704375379146, 0.5804625144468502, -0.8039320445071488, -0.31579969651665935], [-0.17498389517342047, 0.7846574849036883, 0.5947211681238156, -0.20358233756496175], [0.9760246407203772, 0.21766005767402205, -1.332783464663597e-17, 0.09368305646617563], [0.0, 0.0, 0.0, 1.0]], [[-0.5422741352177173, -0.8396903377494662, 0.029306978077997325, 0.2300147515392766], [-0.838466726788939, 0.5430654994475228, 0.04531458239524523, 0.07687925389092162], [-0.0539658256836647, 0.0, -0.9985427830885767, -0.005107660525834046], [0.0, 0.0, 0.0, 1.0]]], [[[0.9712656840441284, 0.15585597813102975, 0.17986629778563737, -0.21953274138919254], [-0.15325031419124505, 0.9877797902775801, -0.028380047911599777, -0.30818465982603627], [-0.1820914940313695, 1.2041726534535112e-16, 0.9832815913060836, -0.11898543884807637], [0.0, 0.0, 0.0, 1.0]], [[-0.264060979318654, -0.18054159052211924, 0.9474579322022781, 0.26510701756011906], [-0.048470487708983996, 0.9835673510704508, 0.1739134202110631, -0.3258367995371785], [-0.9632872941249285, 0.0, -0.2684726968938804, 0.108296277695666], [0.0, 0.0, 0.0, 1.0]]], [[[0.9570049648342528, -0.25608062297365963, 0.13625054796224864, -0.18287413674168368], [0.13161988383067058, -0.035219568430260376, -0.9906744107828702, -0.09644585155725988], [0.25849120577495743, 0.9660136109481111, -5.915127382901904e-17, -0.2049583031213663], [0.0, 0.0, 0.0, 1.0]], [[0.12123933709424084, -0.7432977926531941, 0.6578825233868417, 0.3264816576443782], [0.10590766568905376, -0.6493019181599066, -0.7531205649975053, -0.028795646556018156], [0.986957237923328, 0.1609826404018624, -9.857343764321508e-18, 0.09752044582455245], [0.0, 0.0, 0.0, 1.0]]], [[[0.9940430417435229, -0.06336098509226264, 0.08867816376889505, -0.17860334729656507], [-0.06311035562179719, -0.9979906740887602, -0.005630048414731438, 0.2888655032318409], [0.08885670585034756, 0.0, -0.99604441960458, 0.0026061257919585135], [0.0, 0.0, 0.0, 1.0]], [[0.09156227040609195, -0.8175865761917354, 0.5684791474356446, 0.3050905922345129], [-0.13000928041996657, -0.5758056880850307, -0.8071836201098278, -0.20644459742426696], [0.9872760189748175, 0.0, -0.1590159185655191, 0.10817652950790119], [0.0, 0.0, 0.0, 1.0]]], [[[0.9570049648342528, -0.25608062297365963, 0.13625054796224864, -0.18287413674168368], [0.13161988383067058, -0.035219568430260376, -0.9906744107828702, -0.09644585155725988], [0.25849120577495743, 0.9660136109481111, -5.915127382901904e-17, -0.2049583031213663], [0.0, 0.0, 0.0, 1.0]], [[0.17822894919477106, -0.8085288373872348, 0.5608168692025713, 0.3312283486333837], [-0.24488340463293898, -0.5884565566915253, -0.7705523986220105, -0.034852771782052275], [0.9530301987892661, 0.0, -0.30287528818920173, 0.10838715590890308], [0.0, 0.0, 0.0, 1.0]]], [[[0.17990031408553955, -0.9828514588985513, 0.04048316604359779, -0.114107796243], [-0.9588730847314834, -0.1843990502713864, -0.2157762675470597, 0.22531869872945914], [0.21954107672473003, 0.0, -0.9756032572877903, 0.033001817983626086], [0.0, 0.0, 0.0, 1.0]], [[0.22414715394985238, -0.7110323560195299, 0.6664765877879715, 0.24396836442076134], [-0.22665686279048475, -0.7031592911235095, -0.6739389273937653, 0.2243541603144552], [0.9478315883774694, 0.0, -0.318771517036644, -0.19325925349568326], [0.0, 0.0, 0.0, 1.0]]], [[[0.9940430417435229, -0.06336098509226264, 0.08867816376889505, -0.17860334729656507], [-0.06311035562179719, -0.9979906740887602, -0.005630048414731438, 0.2888655032318409], [0.08885670585034756, 0.0, -0.99604441960458, 0.0026061257919585135], [0.0, 0.0, 0.0, 1.0]], [[0.9393747385754967, 0.06002638695086233, -0.33759729471049177, 0.21357298298947214], [0.05648913328274645, -0.9981967906528377, -0.020301353436132367, -0.16385343416365367], [-0.3382071530100767, 0.0, -0.9410716878393582, 0.03872966231192347], [0.0, 0.0, 0.0, 1.0]]], [[[-0.9921490806324835, -0.03186704964866441, -0.12093259670910587, -0.19799684933931125], [-0.12087026524059324, -0.0038822580382916797, 0.9926607210186131, -0.0887237830141848], [-0.03210266002664456, 0.9994845767790586, -6.120077938748106e-17, -0.18982028608708829], [0.0, 0.0, 0.0, 1.0]], [[0.11837804599180693, 0.0573087635393084, 0.9913134437950277, 0.25770592159451333], [-0.0067952674526338365, 0.998356502268401, -0.05690447011133256, -0.29584987953004616], [-0.9929453472207869, 1.4520994733223068e-17, 0.11857292031737762, 0.10801694754269567], [0.0, 0.0, 0.0, 1.0]]], [[[-0.9733983750891365, 0.2151151430478379, -0.07887381444647486, -0.232162257071259], [-0.2144124053531835, -0.9765886929672636, -0.017373692732228566, -0.12094754240142443], [-0.08076461975698788, 1.2206461255722376e-16, 0.9967332021135391, -0.004818164792538256], [0.0, 0.0, 0.0, 1.0]], [[0.11837804599180693, 0.0573087635393084, 0.9913134437950277, 0.25770592159451333], [-0.0067952674526338365, 0.998356502268401, -0.05690447011133256, -0.29584987953004616], [-0.9929453472207869, 1.4520994733223068e-17, 0.11857292031737762, 0.10801694754269567], [0.0, 0.0, 0.0, 1.0]]], [[[0.9309007663044206, 0.2546699986268847, 0.26185292645533875, -0.23474640250806025], [0.24515576791057467, -0.9670280201728295, 0.0689598264266516, -0.1737719733010983], [0.2707811159479534, 0.0, -0.9626409440938927, 0.04597223383987468], [0.0, 0.0, 0.0, 1.0]], [[-0.9749738639555721, 0.050492287430209955, -0.2165098000405675, 0.2139667965860897], [-0.049291534345973144, -0.9987244509423332, -0.010946037262621023, -0.10954920144089682], [-0.2167863216288362, 1.1955235707095552e-16, 0.9762190792822267, 0.03620623051880225], [0.0, 0.0, 0.0, 1.0]]], [[[0.9940430417435229, -0.06336098509226264, 0.08867816376889505, -0.17860334729656507], [-0.06311035562179719, -0.9979906740887602, -0.005630048414731438, 0.2888655032318409], [0.08885670585034756, 0.0, -0.99604441960458, 0.0026061257919585135], [0.0, 0.0, 0.0, 1.0]], [[-0.8824127400334472, 0.4373151077183467, -0.1735028898547651, 0.12477530137145001], [0.4290991240983277, 0.8993083434291549, 0.08437087848752768, 0.06963001853261389], [0.19292925626952465, 0.0, -0.9812126691371692, 0.013334634723476936], [0.0, 0.0, 0.0, 1.0]]], [[[-0.955140601834227, 0.19794152806384166, 0.22028522918140034, -0.23100528863243763], [-0.1928783134458858, -0.9802138294615881, 0.044483758097976084, -0.12054483782913088], [0.2247318111216597, 1.1933211362815202e-16, 0.9744206550920289, -0.002067036688094763], [0.0, 0.0, 0.0, 1.0]], [[0.11837804599180693, 0.0573087635393084, 0.9913134437950277, 0.25770592159451333], [-0.0067952674526338365, 0.998356502268401, -0.05690447011133256, -0.29584987953004616], [-0.9929453472207869, 1.4520994733223068e-17, 0.11857292031737762, 0.10801694754269567], [0.0, 0.0, 0.0, 1.0]]], [[[-0.22091495864754931, 0.6697749621826663, 0.7089415216214661, -0.28564677651949355], [0.19925997010777116, 0.7425641386662892, -0.6394481716913751, 0.1374153997744591], [-0.9547209253799782, 0.0, -0.29750286493006806, 0.10824845705466256], [0.0, 0.0, 0.0, 1.0]], [[0.9705265740115696, -0.21063459403687543, 0.11709499106403315, 0.2138408050191266], [-0.20911806261592467, -0.9775648662850567, -0.025230301085035222, 0.25110547774164604], [0.11978232350863599, 0.0, -0.9928001787745974, -0.16997996267608784], [0.0, 0.0, 0.0, 1.0]]], [[[0.9570049648342528, -0.25608062297365963, 0.13625054796224864, -0.18287413674168368], [0.13161988383067058, -0.035219568430260376, -0.9906744107828702, -0.09644585155725988], [0.25849120577495743, 0.9660136109481111, -5.915127382901904e-17, -0.2049583031213663], [0.0, 0.0, 0.0, 1.0]], [[0.11837804599180693, 0.0573087635393084, 0.9913134437950277, 0.25770592159451333], [-0.0067952674526338365, 0.998356502268401, -0.05690447011133256, -0.29584987953004616], [-0.9929453472207869, 1.4520994733223068e-17, 0.11857292031737762, 0.10801694754269567], [0.0, 0.0, 0.0, 1.0]]], [[[0.10370380207823211, -0.8486348165680416, 0.5187142465202255, -0.1653428975806618], [-0.16637074629008253, -0.5289791565917568, -0.8321669463937839, -0.03212243999399188], [0.9805948685432736, 0.0, -0.19604515751887408, 0.10840749947049493], [0.0, 0.0, 0.0, 1.0]], [[-0.9472154160608494, 0.2326928787797935, -0.22053793265976815, 0.19301418359694889], [0.22663124899135972, 0.9725502681944889, 0.05276601951487333, -0.3009394058623509], [0.2267625025379823, 0.0, -0.9739500846771931, -0.11509099898952325], [0.0, 0.0, 0.0, 1.0]]], [[[0.9650274253165952, -0.12016072579550123, -0.2329881292322026, -0.1920611187735148], [-0.23120273096713778, 0.02878828852951924, -0.9724795790333484, -0.09656534099793018], [0.12356118152624021, 0.9923369560889282, -6.076311384749668e-17, -0.19665368274846395], [0.0, 0.0, 0.0, 1.0]], [[-0.21775240615142377, -0.7705708291944656, -0.5990029105186545, 0.32227359847543957], [-0.2632658677655828, 0.6373543733234704, -0.7242033455287824, -0.07017993682672202], [0.9398270971220718, 0.0, -0.34165044638504416, 0.10840205535672173], [0.0, 0.0, 0.0, 1.0]]], [[[-0.9733983750891365, 0.2151151430478379, -0.07887381444647486, -0.232162257071259], [-0.2144124053531835, -0.9765886929672636, -0.017373692732228566, -0.12094754240142443], [-0.08076461975698788, 1.2206461255722376e-16, 0.9967332021135391, -0.004818164792538256], [0.0, 0.0, 0.0, 1.0]], [[0.21378297423800885, -0.8525069020541868, 0.4769998132870958, 0.3357709461729406], [0.11602462722345712, -0.4626738675931266, -0.8789033952170602, -0.21853122984397588], [0.9699665591161423, 0.24323830741968122, -1.4894050730576624e-17, 0.0918296770937966], [0.0, 0.0, 0.0, 1.0]]], [[[-0.9733983750891365, 0.2151151430478379, -0.07887381444647486, -0.232162257071259], [-0.2144124053531835, -0.9765886929672636, -0.017373692732228566, -0.12094754240142443], [-0.08076461975698788, 1.2206461255722376e-16, 0.9967332021135391, -0.004818164792538256], [0.0, 0.0, 0.0, 1.0]], [[0.09156227040609195, -0.8175865761917354, 0.5684791474356446, 0.3050905922345129], [-0.13000928041996657, -0.5758056880850307, -0.8071836201098278, -0.20644459742426696], [0.9872760189748175, 0.0, -0.1590159185655191, 0.10817652950790119], [0.0, 0.0, 0.0, 1.0]]], [[[-0.955140601834227, 0.19794152806384166, 0.22028522918140034, -0.23100528863243763], [-0.1928783134458858, -0.9802138294615881, 0.044483758097976084, -0.12054483782913088], [0.2247318111216597, 1.1933211362815202e-16, 0.9744206550920289, -0.002067036688094763], [0.0, 0.0, 0.0, 1.0]], [[0.21378297423800885, -0.8525069020541868, 0.4769998132870958, 0.3357709461729406], [0.11602462722345712, -0.4626738675931266, -0.8789033952170602, -0.21853122984397588], [0.9699665591161423, 0.24323830741968122, -1.4894050730576624e-17, 0.0918296770937966], [0.0, 0.0, 0.0, 1.0]]]], "object": "meshes/1bf66bb8d1ed1868eb2d637b85eaee25.stl", "object_scale": 0.015267466482569722, "metric": [1.0523853374817929, 1.3719349635004006, 1.4309924135189371, 1.4359416826605302, 1.4402426064565412, 1.4405525782521105, 1.4451756464328476, 1.515398307356903, 1.5169752498710074, 1.5308253022461047, 1.5601486843572547, 1.6167509080192173, 1.629447189334376, 1.668130727814649, 1.6732720738273903, 1.684428448599445, 1.7008886714135643, 1.7041021805747079, 1.7052804279634437, 1.7138203290108764, 1.7143980875875344, 1.723523577342398, 1.7239125016603278, 1.724947484999063, 1.7311818500899085, 1.7470661093116755, 1.756941388882145, 1.7646001773625386, 1.7661546391334075, 1.7791569952219914, 1.7802645895772, 1.7871000736553873, 2.9948817480127463, 2.985566521467441, 2.982513365136265, 2.981748457072924, 2.9761236893727228, 2.9748237902665737, 2.9729518434656317, 2.972757093542513, 2.972179669781416, 2.9718980765934093, 2.969887974842835, 2.9691799071930767, 2.9686330039933226, 2.9667742692750863, 2.966638870849642, 2.9658104003537487, 2.9654275180985334, 2.9652509270642646, 2.9643566099639074, 2.964053015194806, 2.9630747875668204, 2.9629342449181957, 2.962465556086344, 2.962359629443372, 2.96230238805888, 2.96218227146424, 2.9615241982108595, 2.96065914035193, 2.96033511111338, 2.96033063914868, 2.9598414753602182, 2.9596674450085394]}