{"transforms": [[[[0.6817814089022002, -0.15697650816923292, -0.7145155606131511, -0.019932526078004734], [-0.6962976179625497, 0.16031878735196586, -0.6996195492134809, 0.01613550988875536], [0.22437410210407552, 0.9745030848104022, -5.967110417861403e-17, -0.7342383062163296], [0.0, 0.0, 0.0, 1.0]], [[0.9802181519721923, 0.1973309564269154, -0.015260018999295768, 0.027159266229468536], [-0.014959889565093837, -0.0030116248204356904, -0.9998835591308326, -0.0016436295130353399], [-0.19735393649081398, 0.9803323027175936, -6.002804083119275e-17, -0.7360321480383553], [0.0, 0.0, 0.0, 1.0]]], [[[0.8804009996351714, -0.3507927655346677, -0.3191214745045069, 0.04646820518560134], [-0.3297957972064105, -0.9364531144956162, 0.11954202815934035, 0.054701671897565765], [-0.340776777357817, 0.0, -0.9401442378771573, -0.6570008700473876], [0.0, 0.0, 0.0, 1.0]], [[0.2642894917679624, 0.9381119525369563, 0.22382365614101557, -0.06502808781872414], [0.7158824976537249, -0.3463321592161194, 0.6062724511684207, 0.02023351944333127], [0.6462687630499377, 0.0, -0.7631098780030982, -0.5529254758322413], [0.0, 0.0, 0.0, 1.0]]], [[[-0.004414859854108681, 0.9999639755382788, 0.007249595723163896, -0.07097418312226768], [0.5201054920018089, 0.008488087280461763, -0.8540598512773421, -0.0016773624995143114], [-0.8540906194321682, 0.0, -0.5201242291971939, -0.22399667079321572], [0.0, 0.0, 0.0, 1.0]], [[0.6006130785300853, -0.5474855793849652, 0.582686425330231, 0.038325853953247946], [-0.39295059628892964, -0.836815117194658, -0.3812220986651558, 0.05269037830588581], [0.6963144108624986, 0.0, -0.7177368885777099, -0.5576277143947199], [0.0, 0.0, 0.0, 1.0]]], [[[-0.5923756015453046, 0.7951603667287935, 0.12965777214486293, -0.06632804648529513], [0.7767714727435243, 0.6063992011733942, -0.1700179047868954, -0.022087489166381077], [-0.2138158689753757, 0.0, -0.9768739807028874, -0.6579653845974908], [0.0, 0.0, 0.0, 1.0]], [[0.994487503729628, 0.10371788200293905, 0.015401489487633547, 0.033730644831965126], [0.015318405749973056, 0.0015975993605654535, -0.9998813900266182, 0.0008219297880441262], [-0.10373018543747267, 0.9946054738584076, -6.090202049875677e-17, -0.7338852399701287], [0.0, 0.0, 0.0, 1.0]]], [[[0.6506649167788486, 0.7571026700908764, 0.05857228879290635, -0.04957927461000819], [0.754053619128922, -0.6532959107030026, 0.06787924968139479, 0.041873706652562584], [0.0896565979264703, 0.0, -0.995972737803727, -0.3050310837039193], [0.0, 0.0, 0.0, 1.0]], [[0.0028339850302953164, -0.9999959833401796, 4.2806019954642434e-05, 0.06594910766379489], [-0.9998819298575768, -0.0028343082943254956, -0.015102749444413874, 2.66570486545586e-05], [0.015102810107264407, 0.0, -0.9998859460592814, -0.5541155055534835], [0.0, 0.0, 0.0, 1.0]]], [[[-0.24553665349740675, -0.0477735662319993, 0.968209397888066, -0.001744459421667509], [0.9503872445149468, 0.18491490913946876, 0.2501410838731391, 0.02726120354268497], [-0.19098648447620895, 0.9815926664087395, -6.010521584919893e-17, -0.7370190658553446], [0.0, 0.0, 0.0, 1.0]], [[0.09499674552845662, 0.9949141894864827, -0.03348692128961584, -0.0638155889670211], [0.9383225524282912, -0.10072614138571609, -0.3307643149525074, 0.008881670712050652], [-0.3324551186904158, 0.0, -0.9431190773473632, -0.5508375443575388], [0.0, 0.0, 0.0, 1.0]]], [[[-0.7086110553820292, 0.6608000776381173, 0.24741388316710286, -0.06327674636664468], [0.6238662025304809, 0.7505619610621485, -0.2178249387621606, -0.03557829477202068], [-0.3296381857894559, 0.0, -0.9441073384257936, -0.6570115229141905], [0.0, 0.0, 0.0, 1.0]], [[-0.751861852761371, 0.6461281622006266, 0.13123319844261708, -0.04450427181743956], [0.6365051149349602, 0.7632289289664279, -0.11109833774810716, -0.051164169477146915], [-0.17194473828492632, 0.0, -0.9851065967579997, -0.38671319524610315], [0.0, 0.0, 0.0, 1.0]]], [[[0.9470654278101366, -0.0059543119820471575, 0.3209853915922397, -0.03631546445489092], [0.32097904784890663, -0.0020180331099321313, -0.9470841453558265, -0.017907109105020556], [0.006286993622736762, 0.9999802366602989, -6.123112980183239e-17, -0.733625181436314], [0.0, 0.0, 0.0, 1.0]], [[0.37185886360033615, 0.8902401077497932, -0.2630466424714504, -0.05937983637852864], [0.7267833531709743, -0.4554915482790393, -0.5141141964582563, 0.03397821525921148], [-0.5775006000996203, 0.0, -0.8163902601602854, -0.22085394301636269], [0.0, 0.0, 0.0, 1.0]]], [[[-0.741185947687269, 0.6531568113202286, 0.15501474374044652, -0.06123036688024097], [0.6393240271939556, 0.7572226751927013, -0.13371091364025273, -0.039258153764919514], [-0.20471487294143392, 0.0, -0.9788216491254026, -0.664851465803806], [0.0, 0.0, 0.0, 1.0]], [[0.30787162379387406, 0.9501957336176048, -0.048405899200666874, -0.0672270742296352], [0.9386644360769467, -0.311653762715777, -0.14758390369361343, 0.021967874142662908], [-0.1553194762638314, 0.0, -0.9878642924476667, -0.13990973268372933], [0.0, 0.0, 0.0, 1.0]]], [[[-0.07691697228127115, 0.9936130437997406, -0.0825645115415635, -0.0631525462398553], [0.6772859438376283, 0.11284112366958601, 0.727014876800302, -0.011402267147102753], [0.731688136882822, 0.0, -0.681639545760767, -0.3042811067507198], [0.0, 0.0, 0.0, 1.0]], [[0.8980077569759132, -0.41330212003474515, -0.1508755314352678, 0.027773916308230215], [-0.4075894708394359, -0.9105939586746582, 0.06847967352465635, 0.061096906296292997], [-0.16568914168381102, 0.0, -0.986178030747026, -0.47230132831117766], [0.0, 0.0, 0.0, 1.0]]], [[[0.7436235031378002, -0.5998833653951605, 0.29523555596039297, 0.021314435516663937], [-0.5575482562374231, -0.800087462670286, -0.22135942275953033, 0.06813115667325988], [0.3690041023453192, 0.0, -0.9294277661294208, -0.6592109738722689], [0.0, 0.0, 0.0, 1.0]], [[-0.11522194293028004, 0.9908643058959754, 0.0700844573971877, -0.0640075391452718], [0.8465600570346666, 0.13486262381136935, -0.5149253756926097, -0.0025634939466151873], [-0.5196729487868629, 0.0, -0.8543652768571337, -0.5485323029970983], [0.0, 0.0, 0.0, 1.0]]], [[[-0.42317904091153796, 0.8703656925431053, 0.25175992647192985, -0.06085915129659632], [0.748001853618596, 0.492405890748639, -0.44500524237269823, -0.03407743621003174], [-0.5112853668122485, 0.0, -0.8594110039344763, -0.2237378503929778], [0.0, 0.0, 0.0, 1.0]], [[-0.741185947687269, 0.6531568113202286, 0.15501474374044652, -0.06123036688024097], [0.6393240271939556, 0.7572226751927013, -0.13371091364025273, -0.039258153764919514], [-0.20471487294143392, 0.0, -0.9788216491254026, -0.664851465803806], [0.0, 0.0, 0.0, 1.0]]], [[[-0.05789323556672908, -0.9918996838437447, 0.11306365669964163, 0.06207623954334664], [-0.4520753819808387, 0.12702368751803422, 0.8828889125004343, -0.009132353455483234], [-0.89009899577659, 0.0, -0.45576724072437014, -0.3063298956453363], [0.0, 0.0, 0.0, 1.0]], [[0.5355963112172778, -0.5307934403865242, -0.6568066039962467, 0.037433658405813766], [-0.3354461336977893, -0.8475012233871038, 0.4113606297940622, 0.05425257017648583], [-0.7749919243435055, 0.0, -0.6319711363680705, -0.47050956316661086], [0.0, 0.0, 0.0, 1.0]]], [[[0.2680145572407666, -0.9419253778184338, 0.20234816462878152, 0.07144149241248542], [-0.7517361168874119, -0.33582224855062925, -0.5675528415446748, 0.02098811525370671], [0.6025454403396239, 0.0, -0.7980845771758334, -0.47559851733648006], [0.0, 0.0, 0.0, 1.0]], [[-0.3112990228568412, 0.8947482690715697, -0.32018502988398073, -0.05933801520374579], [0.6237179480845005, 0.44657086223065395, 0.6415219296671242, -0.026256679466443122], [0.7169859410097498, 0.0, -0.6970876274862177, -0.5574446600535483], [0.0, 0.0, 0.0, 1.0]]], [[[0.9396071392457833, 0.2823397033235144, -0.19344951746009914, 0.0020251722026517274], [0.27653955353252746, -0.95931449062713, -0.056934904977882506, 0.07023196703202306], [-0.20165390948450693, 0.0, -0.9794568396767744, -0.6611642736607799], [0.0, 0.0, 0.0, 1.0]], [[-0.5975322005464448, -0.7678991714255661, 0.23083789081095937, 0.05013839760261215], [-0.7163057237453792, 0.6405707318664576, 0.2767223294309287, -0.043154668992320115], [-0.36036284414424835, 0.0, -0.9328122107692782, -0.5542501250884841], [0.0, 0.0, 0.0, 1.0]]], [[[-0.32643364233340194, -0.8189098283229249, 0.4720463644908903, 0.04982699895255528], [-0.46577692485937966, 0.5739222012399571, 0.6735467045368289, -0.03650275065058276], [-0.8224919047756571, 0.0, -0.5687768161401374, -0.5550964070564762], [0.0, 0.0, 0.0, 1.0]], [[0.5235258003643961, 0.850959992484085, 0.04228270975593201, -0.060611356327410965], [0.8481980779809527, -0.525230512433813, 0.06850495834559649, 0.03645898288640533], [0.0805031481510897, 0.0, -0.9967543544614008, -0.38606913141130167], [0.0, 0.0, 0.0, 1.0]]], [[[-0.4600754039550382, -0.8817567682833753, -0.10409430465720165, 0.06472794914888251], [-0.8600187686800022, 0.4717043582440784, -0.19458344207993436, -0.010732473367991244], [0.22067700422504716, 0.0, -0.9753469433008229, -0.6654490692433717], [0.0, 0.0, 0.0, 1.0]], [[-0.4417381026964577, 0.001421014510097185, -0.8971429258172278, -0.06643347303945635], [-0.8971382839194454, 0.0028859781649610097, 0.44174038830075757, -0.10300851323163583], [0.003216854396229096, 0.9999948259105111, -6.123202313576111e-17, 0.035943647132432394], [0.0, 0.0, 0.0, 1.0]]], [[[0.16228772459153187, -0.9856815428742315, 0.04576669623184289, 0.06560316467431694], [-0.9486792122011226, -0.16861760298697961, -0.2675366447804539, 0.03406905422490786], [0.2714230034178396, 0.0, -0.9624601566899482, -0.6610397027864472], [0.0, 0.0, 0.0, 1.0]], [[0.21542059477203604, -0.6219807177267354, -0.7528173444629164, 0.015527419605133045], [-0.2463766292574492, 0.7113596212043067, -0.6582294781273492, -0.0887489926478316], [0.9449299042277156, 0.3272727854499978, -2.0039678457468914e-17, -0.6913579392988953], [0.0, 0.0, 0.0, 1.0]]], [[[-0.32362698548507135, -0.17070049704835732, 0.9306593977246937, -0.023347482390307334], [-0.05606617260180176, 0.9853229624379227, 0.16123040650677908, -0.09738212201559024], [-0.9445221853168038, 0.0, -0.3284476235937317, -0.6692656049529508], [0.0, 0.0, 0.0, 1.0]], [[0.16228772459153187, -0.9856815428742315, 0.04576669623184289, 0.06560316467431694], [-0.9486792122011226, -0.16861760298697961, -0.2675366447804539, 0.03406905422490786], [0.2714230034178396, 0.0, -0.9624601566899482, -0.6610397027864472], [0.0, 0.0, 0.0, 1.0]]], [[[0.020201698826346686, 0.998400186028268, 0.05281060407957507, -0.09888917811843903], [0.35671105755838484, -0.05654262585625157, 0.9325020926930184, -0.02299636352556196], [0.9339963130441727, 0.0, -0.35728264332303045, -0.6692628787915776], [0.0, 0.0, 0.0, 1.0]], [[0.16228772459153187, -0.9856815428742315, 0.04576669623184289, 0.06560316467431694], [-0.9486792122011226, -0.16861760298697961, -0.2675366447804539, 0.03406905422490786], [0.2714230034178396, 0.0, -0.9624601566899482, -0.6610397027864472], [0.0, 0.0, 0.0, 1.0]]], [[[0.7436235031378002, -0.5998833653951605, 0.29523555596039297, 0.021314435516663937], [-0.5575482562374231, -0.800087462670286, -0.22135942275953033, 0.06813115667325988], [0.3690041023453192, 0.0, -0.9294277661294208, -0.6592109738722689], [0.0, 0.0, 0.0, 1.0]], [[-0.3218349548457409, -0.6681254908373354, 0.670843193550333, 0.04383316365348014], [-0.28899474491682836, 0.7440486062706989, 0.6023899973580966, -0.0465152174372049], [-0.9016120558476896, 0.0, -0.43254560539913334, -0.30795861412489484], [0.0, 0.0, 0.0, 1.0]]], [[[0.16228772459153187, -0.9856815428742315, 0.04576669623184289, 0.06560316467431694], [-0.9486792122011226, -0.16861760298697961, -0.2675366447804539, 0.03406905422490786], [0.2714230034178396, 0.0, -0.9624601566899482, -0.6610397027864472], [0.0, 0.0, 0.0, 1.0]], [[-0.07220476327711983, 0.9645637082570889, 0.2537781016428104, -0.08628119886168181], [0.2639608834845187, 0.26385005725474747, -0.9277433908558654, -0.046640389278367875], [-0.961826972043396, 0.0, -0.27365831953337827, -0.669262845070306], [0.0, 0.0, 0.0, 1.0]]], [[[-0.8799400761216865, -0.46233257503779207, -0.1093345896497768, 0.029101307296211805], [-0.4588044821330972, 0.8867065975050171, -0.05700751806258622, -0.05516439362040229], [0.12330413460034977, 0.0, -0.9923689285696419, -0.47131914802305064], [0.0, 0.0, 0.0, 1.0]], [[0.14244123253901927, 0.9702621378784928, 0.19570865865418813, -0.06635266436549181], [0.570962952821417, -0.2420565714857923, 0.7844806707025942, 0.012944748212358755], [0.8085244596041691, 0.0, -0.5884625716405305, -0.38730386617232154], [0.0, 0.0, 0.0, 1.0]]], [[[-0.6143598023746055, -0.2803191540976066, 0.7375521710850277, 0.015417965918279928], [-0.17940992823361168, 0.9599068558177936, 0.2153854818812262, -0.06641333992422384], [-0.7683580616336669, 0.0, -0.640020225557407, -0.38713633816042764], [0.0, 0.0, 0.0, 1.0]], [[-0.3112990228568412, 0.8947482690715697, -0.32018502988398073, -0.05933801520374579], [0.6237179480845005, 0.44657086223065395, 0.6415219296671242, -0.026256679466443122], [0.7169859410097498, 0.0, -0.6970876274862177, -0.5574446600535483], [0.0, 0.0, 0.0, 1.0]]], [[[0.2041632477413461, 0.65829513664228, 0.7245446027297612, -0.021349845371188912], [0.21462476494686805, 0.6920267997818648, -0.6892279148838738, -0.08918664740516158], [-0.9551196671324528, 0.2962202245910846, -1.8138257494409093e-17, -0.689248883826095], [0.0, 0.0, 0.0, 1.0]], [[0.32411818844289275, 0.9396711434725368, -0.10938712010795754, -0.054742630487268226], [0.8903334573876088, -0.3420791459955068, -0.30047993698616837, 0.045741831253309884], [-0.31977137860778665, 0.0, -0.947494731079427, -0.6547237040103511], [0.0, 0.0, 0.0, 1.0]]], [[[0.9474641739616612, 0.06831956806068151, -0.3124805204795157, 0.018124612560149377], [0.06488194050730768, -0.9976634886673973, -0.021398532099288506, 0.07157126468219804], [-0.3132123446723537, 0.0, -0.9496831193323628, -0.6613355981738092], [0.0, 0.0, 0.0, 1.0]], [[-0.7824858216209335, 0.12361741519511785, 0.6102742609865589, -0.10440737616599191], [-0.6027983575453046, 0.09523031955933825, -0.7921902084583661, -0.08035900658783593], [-0.15604511880509378, -0.9877499283204755, 1.8144671821135467e-16, 0.18455965804925387], [0.0, 0.0, 0.0, 1.0]]], [[[0.3681465583044555, -0.8953083689027853, -0.2507808528999342, 0.06582052020208667], [-0.7399416362394364, -0.44544688187553205, 0.504047071598151, 0.019258120249024423], [-0.562987110481128, 0.0, -0.8264656758947163, -0.6559415719249306], [0.0, 0.0, 0.0, 1.0]], [[0.26832523975345535, -0.9501533654341534, -0.15877703821838618, 0.06428071698784407], [-0.8177168230612939, -0.3117829086947393, 0.4838704528366995, 0.025628951316134213], [-0.5092551060066021, 0.0, -0.8606156151303581, 0.021360944505512486], [0.0, 0.0, 0.0, 1.0]]], [[[-0.2594150888594763, -0.9443059062778524, 0.202460285095112, 0.0690367580492656], [-0.7444252078371938, 0.32906892191266557, 0.5809860192532924, -0.019113146146019565], [-0.6152519171921215, 0.0, -0.7883305641616462, -0.2279798506687029], [0.0, 0.0, 0.0, 1.0]], [[0.384499838820547, -0.9230859334729762, -0.008499021784744043, 0.06447537206350969], [-0.9228605102839867, -0.38459375895134357, 0.02039899835912355, 0.026654623386219604], [-0.02209869917784934, 0.0, -0.9997557939290209, -0.30620737986802293], [0.0, 0.0, 0.0, 1.0]]], [[[0.3681465583044555, -0.8953083689027853, -0.2507808528999342, 0.06582052020208667], [-0.7399416362394364, -0.44544688187553205, 0.504047071598151, 0.019258120249024423], [-0.562987110481128, 0.0, -0.8264656758947163, -0.6559415719249306], [0.0, 0.0, 0.0, 1.0]], [[0.7468756445831674, 0.5813940024625488, 0.3227348531365276, -0.04286163591428145], [0.5336986176706601, -0.8136221567168496, 0.23061823777804066, 0.05922778217100169], [0.3966642875592722, 0.0, -0.9179637481813184, -0.2238904301040252], [0.0, 0.0, 0.0, 1.0]]], [[[-0.5687927990290182, -0.5971688742036918, -0.5655652813380876, 0.03853588349401446], [-0.42346188238863175, 0.8021155376143111, -0.4210590201878845, -0.05728962579891719], [0.7050920407553978, 0.0, -0.7091157973585052, -0.5579439252324676], [0.0, 0.0, 0.0, 1.0]], [[0.7637086580222032, 0.6412112538423479, -0.07481452805337699, -0.04251294493847308], [0.6381565053960856, -0.7673644036218542, -0.06251517155644506, 0.051052383176562764], [-0.09749543723980775, 0.0, -0.9952359718767296, -0.22260693670613801], [0.0, 0.0, 0.0, 1.0]]], [[[0.1374389769157387, -0.9902799942837317, 0.021355574114678543, 0.06766578167225855], [-0.9785377176413868, -0.13908821992322887, -0.1520473683816108, 0.010333246599541284], [0.15353977588084716, 0.0, -0.9881424680796081, -0.3849221355906374], [0.0, 0.0, 0.0, 1.0]], [[-0.24553665349740675, -0.0477735662319993, 0.968209397888066, -0.001744459421667509], [0.9503872445149468, 0.18491490913946876, 0.2501410838731391, 0.02726120354268497], [-0.19098648447620895, 0.9815926664087395, -6.010521584919893e-17, -0.7370190658553446], [0.0, 0.0, 0.0, 1.0]]], [[[-0.8285822057584482, -0.06906929569333368, 0.5555906412934721, 0.09841341230897528], [0.5536703476662365, 0.04615308015767184, 0.8314559755676235, -0.08521221971549348], [-0.08307029803493932, 0.996543689751928, -6.102070199325958e-17, 0.007273269525057177], [0.0, 0.0, 0.0, 1.0]], [[0.8705955065149361, -0.4442834255055707, -0.21136627417125456, 0.04796624638896177], [-0.4317413491170375, -0.8958862862110549, 0.10481970063668537, 0.04941928079554964], [-0.23592980205688785, 0.0, -0.9717701006418122, -0.6658742247989863], [0.0, 0.0, 0.0, 1.0]]], [[[0.7922723432451321, -0.017883510100873804, -0.6099054961183246, -0.0901661714833927], [-0.6097501776254675, 0.013763541733528235, -0.7924741546603652, 0.08368715920015306], [0.022566679298882873, 0.99974534006687, -6.121674653376872e-17, 0.00972552550686305], [0.0, 0.0, 0.0, 1.0]], [[-0.8058140420790527, -0.02285663341921075, 0.5917273898485336, -0.0015200328271782792], [-0.5914894952522531, -0.01677739262201717, -0.8061381371099133, 0.0053968738992301105], [0.02835324662985701, -0.9995979658870592, 1.8362316740366883e-16, 0.1852859581232586], [0.0, 0.0, 0.0, 1.0]]], [[[0.9779636343173577, 0.1143216281896902, -0.17469314606144043, -0.008164537669094295], [0.17351164557497073, 0.02028309963268664, 0.9846229251440148, -0.0018085901718875275], [0.1161070144420709, -0.9932367095498177, 1.8245462357187503e-16, 0.17761158002755362], [0.0, 0.0, 0.0, 1.0]], [[0.7922723432451321, -0.017883510100873804, -0.6099054961183246, -0.0901661714833927], [-0.6097501776254675, 0.013763541733528235, -0.7924741546603652, 0.08368715920015306], [0.022566679298882873, 0.99974534006687, -6.121674653376872e-17, 0.00972552550686305], [0.0, 0.0, 0.0, 1.0]]], [[[0.34570790046931216, -0.005989668004923591, -0.9383230634649725, -0.035681793642478074], [-0.9381822605889563, 0.016254763809007373, -0.34575978448875316, 0.12006001538409583], [0.017323206091708926, 0.9998499420066513, -6.122315155530561e-17, -0.010694789441725104], [0.0, 0.0, 0.0, 1.0]], [[0.4509569972338314, 0.04748919109653162, 0.8912814164868711, -0.013257525300927575], [-0.8863801284149097, -0.09334254831539354, 0.45345058895667645, 0.018075866411568827], [0.10472848035283656, -0.9945008523892706, 1.8268684284417517e-16, 0.18532122837305218], [0.0, 0.0, 0.0, 1.0]]], [[[-0.7803826806627846, 0.10775090029538105, 0.6159485491557727, -0.11614495531709344], [0.6101597977402036, -0.08424747134920595, 0.787786382716088, 0.06448573987673269], [0.13677679972568602, 0.9906018913048773, -6.065687177079161e-17, 0.020495320105865314], [0.0, 0.0, 0.0, 1.0]], [[-0.6599527355842216, -0.09658454995922969, 0.7450730242761952, 0.09707690856714828], [0.7372197710019297, 0.1078926352812745, 0.6669828997027768, -0.09399739889103285], [-0.14480813526444242, 0.9894597535833559, -6.058693600554929e-17, 0.002485970768256879], [0.0, 0.0, 0.0, 1.0]]], [[[0.52013447516486, -0.18288213907801895, -0.8342746855510025, 0.07271034002383463], [-0.7870423358653436, 0.2767284092876042, -0.5513490265238311, -0.12950964532951056], [0.3316993959907067, 0.9433851338130154, -5.776567922436534e-17, -0.007531616798083653], [0.0, 0.0, 0.0, 1.0]], [[0.7225832757082592, -0.04617491894453281, 0.6897400137205234, -0.058157183178470066], [0.6883360228365404, -0.04398643191668891, -0.7240571203108304, -0.10397273397854868], [0.06377248099529831, 0.9979644636296949, -6.110769930234556e-17, 0.02729646214808039], [0.0, 0.0, 0.0, 1.0]]], [[[0.5824487630289565, 0.033513341307830576, 0.8121762705228609, -0.0330162871887872], [0.8108351630771253, 0.04665439655718378, -0.5834121232881407, -0.12563580767430815], [-0.05744368341018971, 0.99834874830205, -6.11312299520436e-17, -0.008193626938930568], [0.0, 0.0, 0.0, 1.0]], [[-0.17013225623257602, 0.08695348555021014, 0.9815773564726737, -0.02710642460975806], [0.8740367691306733, -0.44671448705800515, 0.19106515448955497, 0.15398030347162944], [0.45509860645449934, 0.8904410471239366, -5.4523788909487323e-17, -0.004203401544685764], [0.0, 0.0, 0.0, 1.0]]], [[[-0.9661476899540637, -0.02544200670809087, 0.25673204998809906, -0.10133107161349474], [-0.25664308072791325, -0.006758299015107422, -0.9664826198690322, -0.061460823925469], [0.026324329258542237, -0.9996534547977554, 1.8363336055119965e-16, 0.19571854724251597], [0.0, 0.0, 0.0, 1.0]], [[0.5229336478390837, 0.09538761056903942, 0.847019246361993, 0.06777266497117392], [0.8332700211137417, 0.15199564342685284, -0.5315622224089683, 0.0893908250716966], [-0.17944768561007887, 0.9837675173175756, -6.023838705940537e-17, 0.01703026125278502], [0.0, 0.0, 0.0, 1.0]]], [[[-0.0661964446344607, 0.2902038515245062, -0.9546725906184272, -0.034749440227778525], [0.02007436656183712, 0.9569648502219621, 0.28950871359390656, -0.09717198528498866], [0.9976046564270327, 0.0, -0.06917332921800297, -0.6692599059839023], [0.0, 0.0, 0.0, 1.0]], [[-0.10792556683485374, 0.922088204058137, -0.37162537044746424, -0.05754628115901147], [0.25716303356242914, 0.38697977199957045, 0.8855020215855689, 0.009776384515412434], [0.9603224698987025, 0.0, -0.2788920110143988, -0.6692725640620713], [0.0, 0.0, 0.0, 1.0]]], [[[0.21173658234606269, 0.7183680945371637, -0.6626574533252106, -0.06774054651555159], [0.21864719352249437, -0.695663194909034, -0.68428511894801, 0.0011024446562081444], [-0.9525549981293185, 0.0, -0.3043665151406345, -0.6692750351093362], [0.0, 0.0, 0.0, 1.0]], [[0.15910748482196382, -0.7831460411041596, 0.6011381593082495, 0.08100084899238207], [-0.20038085849568613, -0.6218378231523729, -0.7570767683964751, 0.06874781696398197], [0.9667121183796965, 0.0, -0.2558665280528886, -0.6692651891862182], [0.0, 0.0, 0.0, 1.0]]], [[[0.21542059477203604, -0.6219807177267354, -0.7528173444629164, 0.015527419605133045], [-0.2463766292574492, 0.7113596212043067, -0.6582294781273492, -0.0887489926478316], [0.9449299042277156, 0.3272727854499978, -2.0039678457468914e-17, -0.6913579392988953], [0.0, 0.0, 0.0, 1.0]], [[-0.10792556683485374, 0.922088204058137, -0.37162537044746424, -0.05754628115901147], [0.25716303356242914, 0.38697977199957045, 0.8855020215855689, 0.009776384515412434], [0.9603224698987025, 0.0, -0.2788920110143988, -0.6692725640620713], [0.0, 0.0, 0.0, 1.0]]], [[[0.020201698826346686, 0.998400186028268, 0.05281060407957507, -0.09888917811843903], [0.35671105755838484, -0.05654262585625157, 0.9325020926930184, -0.02299636352556196], [0.9339963130441727, 0.0, -0.35728264332303045, -0.6692628787915776], [0.0, 0.0, 0.0, 1.0]], [[-0.10792556683485374, 0.922088204058137, -0.37162537044746424, -0.05754628115901147], [0.25716303356242914, 0.38697977199957045, 0.8855020215855689, 0.009776384515412434], [0.9603224698987025, 0.0, -0.2788920110143988, -0.6692725640620713], [0.0, 0.0, 0.0, 1.0]]], [[[-0.31111424257871895, -0.9374574713071591, 0.1561455012322073, 0.09743333565057634], [0.04918235695938107, 0.1481975482893603, 0.9877340646373106, 0.02652748206613953], [-0.9490990590178615, 0.3149777391680402, -1.9286824003740518e-17, -0.6905158515517895], [0.0, 0.0, 0.0, 1.0]], [[0.24941110189286056, -0.8871589843817335, 0.3882564084253603, 0.054048668273514025], [0.10507873990483049, -0.3737666345507223, -0.9215513883211504, -0.005568834592541174], [0.962679884838466, 0.27064264136938565, -1.657208222329016e-17, -0.6875348816994122], [0.0, 0.0, 0.0, 1.0]]], [[[0.21643001710321877, 0.9743154462156206, 0.06218889742033204, -0.06700820143690428], [0.9364245634490713, -0.22518750246329425, 0.26907178540969323, 0.01593720375105982], [0.2761649591565095, 0.0, -0.9611102513937115, -0.5566725850616323], [0.0, 0.0, 0.0, 1.0]], [[-0.7904541355318908, -0.004783832499828693, 0.6125025506617462, 0.07863995135678666], [0.6124913339759634, 0.003706800708134815, 0.790468611288807, -0.09751850300880438], [-0.00605189432130519, 0.9999816871198812, -6.123121861686663e-17, 0.008145296534454172], [0.0, 0.0, 0.0, 1.0]]], [[[0.12479489500628005, -0.005706930759559062, -0.9921661479418038, 0.04013556592034555], [-0.9911303251667892, 0.04532486796949043, -0.12492531720321091, -0.12399578574218047], [0.045682739794654835, 0.9989559986730416, -6.11684133131994e-17, -0.01675472672262257], [0.0, 0.0, 0.0, 1.0]], [[0.9773678032089789, -0.03553424723235895, 0.20854134967455337, 0.11486075648562893], [0.20840365724038912, -0.0075769501063914415, -0.9780135507629307, 0.05830403583947844], [0.03633308271101084, 0.9993397355758025, -6.119191042168344e-17, -0.015261321577474257], [0.0, 0.0, 0.0, 1.0]]], [[[0.8564642352943759, 0.007379912495198581, -0.5161536113921738, -0.10587367965743745], [-0.5161344508077383, -0.0044473860387285674, -0.8564960300239673, 0.06659737751153905], [-0.00861640011920674, 0.9999628781354764, -6.12300668987393e-17, 0.010643973923914321], [0.0, 0.0, 0.0, 1.0]], [[0.9202747108437623, -0.16340584060289723, 0.3555179149329753, -0.10774070341073881], [0.35004261718965973, -0.06215427571216331, -0.9346694667965301, -0.03688754504239939], [0.1748274084131063, 0.9845990946916198, -6.028930648787369e-17, 0.002371120262680937], [0.0, 0.0, 0.0, 1.0]]], [[[-0.7574604952838663, 0.1565742487422065, -0.6338281334203568, -0.09179362732752172], [-0.620705834437264, 0.1283057668644454, 0.7734739150642809, -0.10443940017497265], [0.20242990189164187, 0.9792967552382374, -5.996463183589483e-17, -0.0006728565047977308], [0.0, 0.0, 0.0, 1.0]], [[0.09256115748794291, -0.016785315251428175, 0.9955655103087905, -0.03742637505326718], [-0.9795887755300261, 0.17764153841933122, 0.0940707961250334, 0.10261432965269318], [-0.1784327968173916, -0.983952100978459, 1.8074906864663745e-16, 0.18303329829734022], [0.0, 0.0, 0.0, 1.0]]], [[[0.9379573905538646, 0.3353906816479369, -0.08802854178684039, -0.14635963721218959], [-0.08288879958345986, -0.029639012681439494, -0.9961179527700936, 0.018526963614238643], [-0.3366977582476579, 0.9416127758218884, -5.765715359732649e-17, 0.005646783559340035], [0.0, 0.0, 0.0, 1.0]], [[0.9291592467191965, 0.22497402601295874, -0.29334243105240687, -0.12222988874646377], [-0.2851043014264719, -0.06903129119362873, -0.9560074362389991, 0.07218109380052697], [-0.23532664860644026, 0.971916338197718, -5.951271163064259e-17, -0.011581427919092328], [0.0, 0.0, 0.0, 1.0]]], [[[-0.7734977143097752, -0.2994320194226686, 0.5586069742690437, -0.08613452744606379], [-0.520935971589551, -0.20166175940437173, -0.829432485677999, -0.03895921652349836], [0.36100830940797485, -0.9325625987237511, 1.713089702297369e-16, 0.20212118802945045], [0.0, 0.0, 0.0, 1.0]], [[-0.6492745884225244, -0.10768081631961397, -0.7528926554466469, -0.05165583949731158], [0.7427471236317106, 0.12318303845223005, -0.6581433349768855, 0.09551592910353915], [0.16361301649191004, -0.9865245971765824, 1.8122162853186504e-16, 0.19993074074905454], [0.0, 0.0, 0.0, 1.0]]], [[[0.8132602777519735, -0.01982983549464099, 0.5815621189993709, -0.09497600464680045], [-0.5813893158648578, 0.014176094427986103, 0.8135019986115347, 0.07254044205188716], [-0.024375890321703172, -0.9997028638405636, 1.8364243684511826e-16, 0.1824441077973079], [0.0, 0.0, 0.0, 1.0]], [[-0.4239453932702416, 0.009731748693031181, -0.9056354656219664, -0.03473545250750596], [-0.905396951684624, 0.02078356255569625, 0.42405707564864914, -0.11996482248489135], [0.022949148244125608, 0.9997366336165086, -6.121621341744037e-17, 0.023990076060107002], [0.0, 0.0, 0.0, 1.0]]], [[[0.32470582098759654, 0.027719304175169268, 0.9454087845968089, 0.04268223781328518], [-0.9419826193434171, -0.08041464324195192, 0.3258868361980653, -0.1060663102880805], [0.08505806647041748, -0.9963759959615216, 1.8303130113023e-16, 0.19532355299735715], [0.0, 0.0, 0.0, 1.0]], [[0.6905217847751391, 0.04975685850430178, 0.7215981705788475, 0.06870497336473727], [0.7197320944009278, 0.05186166283482763, -0.6923121262965576, 0.09527932973774177], [-0.07187055753373874, 0.9974139676983623, -6.107399114833304e-17, 0.03405185876149805], [0.0, 0.0, 0.0, 1.0]]], [[[-0.7051605246337894, -0.11804672093907348, -0.6991520622680959, -0.0817045927692002], [0.6895567154762261, 0.1154345802408031, -0.7149730021660039, 0.06879792898072973], [0.1651065432980713, -0.9862757369823929, 1.8117591365582762e-16, 0.21529641874859257], [0.0, 0.0, 0.0, 1.0]], [[-0.3547508857315852, -0.05018330661559973, 0.9336131130236873, 0.021352915450820218], [0.9244096873803662, 0.13076763623738952, 0.3582827866228288, -0.13076475708989513], [-0.1400661948865233, 0.9901421418412664, -6.062872023534057e-17, 0.02423111078615428], [0.0, 0.0, 0.0, 1.0]]], [[[-0.9153675329162009, 0.0216083522722635, -0.4020390015844057, -0.10978143682777337], [-0.40192702969113864, 0.009487971260726131, 0.9156225429755507, -0.056065994977852515], [0.023599628949765295, 0.9997214899727991, -6.121528613670055e-17, 0.0411051761863996], [0.0, 0.0, 0.0, 1.0]], [[-0.11164069391523485, 0.02926968341049476, 0.993317492594978, -0.022750818751270073], [0.9608434799861947, -0.25191158779062445, 0.1154138592406724, 0.13782093265641335], [0.25360631386096066, 0.9673075196491838, -5.923050288647692e-17, 0.02748297577240348], [0.0, 0.0, 0.0, 1.0]]], [[[0.8132602777519735, -0.01982983549464099, 0.5815621189993709, -0.09497600464680045], [-0.5813893158648578, 0.014176094427986103, 0.8135019986115347, 0.07254044205188716], [-0.024375890321703172, -0.9997028638405636, 1.8364243684511826e-16, 0.1824441077973079], [0.0, 0.0, 0.0, 1.0]], [[-0.9153675329162009, 0.0216083522722635, -0.4020390015844057, -0.10978143682777337], [-0.40192702969113864, 0.009487971260726131, 0.9156225429755507, -0.056065994977852515], [0.023599628949765295, 0.9997214899727991, -6.121528613670055e-17, 0.0411051761863996], [0.0, 0.0, 0.0, 1.0]]], [[[0.6873319126021432, -0.06803555817450663, 0.7231500568641083, -0.08300578449557713], [0.7196331559238816, -0.0712328971585284, -0.6906909549555698, -0.08701812463697052], [0.0985036182772702, 0.9951366927142651, -6.093454827233039e-17, -0.010892868680265892], [0.0, 0.0, 0.0, 1.0]], [[0.9540038041827583, 0.005048437528198214, 0.2997519889564526, -0.12049727770995369], [0.29974779197822277, 0.0015862179955494764, -0.9540171618564577, -0.029752533672759037], [-0.005291768041545764, 0.9999859984974763, -6.123148261260521e-17, 0.02130851315320967], [0.0, 0.0, 0.0, 1.0]]], [[[0.9781125934126926, 0.09990458517175302, 0.182523501142063, -0.12643018657432392], [0.181578787999766, 0.018546488015058458, -0.9832014908099169, -0.032751757265340666], [-0.10161150700601168, 0.9948241561421632, -6.091541092669835e-17, 0.020122898592055474], [0.0, 0.0, 0.0, 1.0]], [[0.6589150075144602, -0.07875332094607329, -0.7480835029007014, -0.10393934005422026], [-0.7427969045296479, 0.08877885972097745, -0.663604605686109, 0.056065469127634375], [0.11867506685648936, 0.9929331440266297, -6.079961982997649e-17, 0.0005684500970166428], [0.0, 0.0, 0.0, 1.0]]], [[[0.8132602777519735, -0.01982983549464099, 0.5815621189993709, -0.09497600464680045], [-0.5813893158648578, 0.014176094427986103, 0.8135019986115347, 0.07254044205188716], [-0.024375890321703172, -0.9997028638405636, 1.8364243684511826e-16, 0.1824441077973079], [0.0, 0.0, 0.0, 1.0]], [[0.9540038041827583, 0.005048437528198214, 0.2997519889564526, -0.12049727770995369], [0.29974779197822277, 0.0015862179955494764, -0.9540171618564577, -0.029752533672759037], [-0.005291768041545764, 0.9999859984974763, -6.123148261260521e-17, 0.02130851315320967], [0.0, 0.0, 0.0, 1.0]]], [[[-0.7904541355318908, -0.004783832499828693, 0.6125025506617462, 0.07863995135678666], [0.6124913339759634, 0.003706800708134815, 0.790468611288807, -0.09751850300880438], [-0.00605189432130519, 0.9999816871198812, -6.123121861686663e-17, 0.008145296534454172], [0.0, 0.0, 0.0, 1.0]], [[-0.9853990097516185, 0.15485420810786316, 0.07077404758678259, 0.10757299995126302], [-0.06991599965677563, 0.010987210920425483, -0.9974923729975, 0.014671178250342478], [-0.15524350090268937, -0.9878762348733148, 1.8146992034870157e-16, 0.2029111374020101], [0.0, 0.0, 0.0, 1.0]]], [[[-0.3742824475663231, 0.05301516556022096, -0.9257980566324305, 0.0390722909931594], [-0.9166482501381582, 0.12983846572968152, 0.3780184629559977, 0.10969047630486538], [0.14024491064710803, 0.9901168441338553, -6.062717119752023e-17, -0.004028855103410056], [0.0, 0.0, 0.0, 1.0]], [[0.44859955927369743, 0.047605180551264906, 0.8924641069556388, -0.062393699207724425], [0.887480976578857, 0.09417907631084577, -0.4511184077333512, -0.11540187306993827], [-0.10552701848381124, 0.9944164360920014, -6.08904452739794e-17, 0.016244616456508723], [0.0, 0.0, 0.0, 1.0]]], [[[-0.7824858216209335, 0.12361741519511785, 0.6102742609865589, -0.10440737616599191], [-0.6027983575453046, 0.09523031955933825, -0.7921902084583661, -0.08035900658783593], [-0.15604511880509378, -0.9877499283204755, 1.8144671821135467e-16, 0.18455965804925387], [0.0, 0.0, 0.0, 1.0]], [[-0.7661382354386923, 0.1561750000553383, -0.6234112395173846, -0.012653789637959295], [0.610848924767101, -0.1245197360560913, -0.7818941273877161, 0.007881464053994406], [-0.19973931838715073, -0.979849072403621, 1.7999535452498961e-16, 0.14191589672212304], [0.0, 0.0, 0.0, 1.0]]], [[[0.48851404536185117, -0.08410253772431191, 0.868493402757056, -0.04382631040918592], [-0.8559019659114985, 0.14735201179950763, 0.49570072560716516, 0.09930954847450961], [-0.16966393910619765, -0.9855019775560923, 1.8103377635511825e-16, 0.19192331371145055], [0.0, 0.0, 0.0, 1.0]], [[0.8181416187659876, 0.030180476449586036, 0.5742241987971645, 0.09033964467546422], [-0.5738338941333254, -0.02116819378286452, 0.818698094242166, -0.07370579912915803], [0.03686398766754516, -0.9993202922052804, 1.8357215957582914e-16, 0.2057161693882771], [0.0, 0.0, 0.0, 1.0]]], [[[-0.19017981708770465, -0.0013041948243621806, 0.9817484078155397, -0.03919837714771994], [0.9817253238197537, 0.006732371004861201, 0.19018428891907105, 0.11737280743921075], [-0.006857531880129244, 0.9999764868518225, -6.123090019228499e-17, 0.01496363088004768], [0.0, 0.0, 0.0, 1.0]], [[-0.4239453932702416, 0.009731748693031181, -0.9056354656219664, -0.03473545250750596], [-0.905396951684624, 0.02078356255569625, 0.42405707564864914, -0.11996482248489135], [0.022949148244125608, 0.9997366336165086, -6.121621341744037e-17, 0.023990076060107002], [0.0, 0.0, 0.0, 1.0]]], [[[0.856047065510874, -0.018646424033307168, -0.5165614508468394, 0.09587658026504448], [0.5164389516284854, -0.011249077378279784, 0.8562501197074418, 0.07530436486838722], [-0.021776842541847547, -0.9997628564459212, 1.8365345730793683e-16, 0.18883794872669601], [0.0, 0.0, 0.0, 1.0]], [[-0.04988295825289143, -0.011394701001872325, 0.998690067671156, 0.008874894030586333], [-0.9736116774934184, -0.2224008828972362, -0.05116784864523599, -0.10553500479136688], [0.22269259512698722, -0.9748887157391902, 1.7908415178823098e-16, 0.18377593221914695], [0.0, 0.0, 0.0, 1.0]]]], "object": "meshes/1c97fd9582f20b9f3aa7ea4bea35f618.stl", "object_scale": 0.011645057746305643, "metric": [1.0870266299047628, 1.2090118594596109, 1.2404662674106361, 1.254868176038116, 1.275453311071864, 1.3046786079225579, 1.340507054044415, 1.3592071675146307, 1.3692281280780534, 1.4018201922513096, 1.410077747440563, 1.4132572391871825, 1.413386157381744, 1.4185125975802668, 1.4222880460410372, 1.45891156232134, 1.4831837413621285, 1.4901959250166588, 1.4934125413047714, 1.4935545821532719, 1.4938049632772958, 1.4945943973551636, 1.4999777218447579, 1.506299245903791, 1.506301620284376, 1.5072252720401083, 1.5095975479246475, 1.5122865488621666, 1.5139453317535423, 1.514517803139091, 1.5164954043015082, 1.5375815664096752, 2.907438236962493, 2.8907322359313263, 2.879398289510031, 2.8578306130000275, 2.8510990025707885, 2.846690299735714, 2.8376373171171605, 2.830775370179868, 2.830769327251823, 2.8307680763833427, 2.830601380508149, 2.83053240065429, 2.828284447279722, 2.8276097396965376, 2.827321959996678, 2.8174604786983686, 2.81025484642391, 2.809137878616971, 2.8064403474657307, 2.804953407053268, 2.804665016646243, 2.8036581086249672, 2.8019823339262357, 2.8008784086037934, 2.800779893667353, 2.7984036077928307, 2.798069507080363, 2.79642531097943, 2.7927468139430127, 2.792628391337157, 2.7840075643634066, 2.7824211031206207]}