{"transforms": [[[[0.9509706612452232, -0.18127118743442314, 0.25059041892486067, 0.011077924593993335], [-0.17528754377247754, -0.9834331480106384, -0.04619004646130521, 0.06127160274534467], [0.25481184911427235, 0.0, -0.9669906522562487, -0.26017895943193425], [0.0, 0.0, 0.0, 1.0]], [[0.8057517159749457, -0.5709825665415315, 0.15729933537391774, 0.033083626510690384], [-0.5604036231599832, -0.8209621846989333, -0.10940233289796905, 0.049080276522051144], [0.1916036308439751, 0.0, -0.9814723881227663, -0.15791794069484877], [0.0, 0.0, 0.0, 1.0]]], [[[0.8031387323803575, 0.04755126846402681, -0.5938914491874207, -0.0021006327615965973], [0.5928532512009914, 0.035100939565044835, 0.8045451799508001, -0.0046650872970801695], [0.05910329170940381, -0.9982518724796429, 1.8337589405625696e-16, 0.04876524207244442], [0.0, 0.0, 0.0, 1.0]], [[0.6500922809643492, 0.7596254861457626, -0.018685476402365328, -0.05716642234584497], [0.7593118985532905, -0.6503607620373586, -0.021824754696988618, 0.04859189575400204], [-0.028730940568785394, 0.0, -0.999587181317384, -0.2084961776676954], [0.0, 0.0, 0.0, 1.0]]], [[[-0.8778136233883089, -0.44926045142617227, 0.16615742348219092, 0.02796625779638531], [-0.4414221820093976, 0.8934008320929369, 0.08355483496309689, -0.05552438077792879], [-0.18598306327176808, 0.0, -0.982552950316699, -0.331157243890129], [0.0, 0.0, 0.0, 1.0]], [[-0.9360471573716269, -0.3514816540076696, -0.016624261563437912, 0.02185458569385065], [-0.35142623494053465, 0.9361947697440062, -0.006241353978692951, -0.058952326630352124], [0.017757268146225236, 0.0, -0.9998423272836487, -0.4061819744573695], [0.0, 0.0, 0.0, 1.0]]], [[[-0.7176273686558428, -0.6946775455577991, -0.04933626915245153, 0.05206955824888279], [-0.6930416645459946, 0.7193212826670651, -0.04764602297700542, -0.05450475043861918], [0.06858725070600563, 0.0, -0.9976451217946147, -0.3140240346558193], [0.0, 0.0, 0.0, 1.0]], [[-0.9118265016896127, -0.36278005363292704, 0.19225780478974974, 0.02561909420005752], [-0.3549752274956885, 0.931874794533091, 0.07484621017989933, -0.06744665577862417], [-0.20631291447911637, 0.0, -0.9784860659810812, -0.20188144098402888], [0.0, 0.0, 0.0, 1.0]]], [[[0.38257919184582223, -0.9162716338650028, 0.11865687902922364, 0.05735885584874914], [-0.875146466300271, -0.400557477741158, -0.27142654540002203, 0.025359042900608537], [0.29622934440859505, 0.0, -0.9551168386701461, -0.2919823609449935], [0.0, 0.0, 0.0, 1.0]], [[-0.9976596451625392, 0.05975752510513834, 0.03323056736598502, -0.004860564774028182], [0.05972440344332062, 0.9982129222732536, -0.0019893315537416463, -0.0745865605458918], [-0.03329005928946329, 0.0, -0.9994457323699493, -0.14116287151837406], [0.0, 0.0, 0.0, 1.0]]], [[[-0.98709359236979, 0.11188986389517043, -0.11457267676031316, -0.008252631102961552], [0.11114368180004576, 0.9937206138334458, 0.012900528609709843, -0.06614980463514797], [0.11529666906911554, 0.0, -0.9933311019501841, -0.3764093616689891], [0.0, 0.0, 0.0, 1.0]], [[0.82949562875191, -0.5566030262141627, -0.04615271487908217, 0.044231284174708764], [-0.5557434686892955, -0.8307785933744538, 0.030921283931202543, 0.0664233025199733], [-0.055553567758190814, 0.0, -0.9984557081359875, -0.260640426775421], [0.0, 0.0, 0.0, 1.0]]], [[[-0.5223750573929703, 0.8527151868432293, -0.0010533473347901115, -0.067295749349923], [0.8527134532347781, 0.5223761194071918, 0.0017194608176493177, -0.04066795141891264], [0.002016453845527016, 0.0, -0.999997966954878, -0.1895312220680987], [0.0, 0.0, 0.0, 1.0]], [[0.9800918830219559, 0.10527206399476671, 0.1683380330666792, -0.007750360732947041], [0.10375280216090274, -0.9944434586955067, 0.01782031148658274, 0.06461203079198864], [0.16927863680404923, 0.0, -0.9855682336204648, -0.11044876906893225], [0.0, 0.0, 0.0, 1.0]]], [[[-0.973458927613525, -0.2241666317623567, -0.0461198162815721, 0.016330841901608172], [-0.22391547175934368, 0.9745508304877277, -0.010608501424358395, -0.0723661987376377], [0.04732417729149211, 0.0, -0.9988795834552249, -0.18660903120784927], [0.0, 0.0, 0.0, 1.0]], [[-0.8355992999309132, -0.537344809846808, -0.11416814479383265, 0.0380562061775085], [-0.5323984269622087, 0.8433626475785477, -0.07274173243378217, -0.06063236166158886], [0.13537254124501577, 0.0, -0.9907947694032637, -0.34926187388734714], [0.0, 0.0, 0.0, 1.0]]], [[[0.21638357738044975, 0.9762264068618957, -0.01265503795140321, -0.07098936483971154], [0.9745611297625976, -0.2167533218788412, -0.05699650700119332, 0.01575619184388146], [-0.05838451674792328, 0.0, -0.99829416917265, -0.13400364303094997], [0.0, 0.0, 0.0, 1.0]], [[0.7411603170446348, 0.6706068880215524, 0.03110926190615046, -0.04871391240087377], [0.670016931886655, -0.7418129155912891, 0.028123108774537983, 0.05377519126179209], [0.04193680273327903, 0.0, -0.999120265321703, -0.36871051072606803], [0.0, 0.0, 0.0, 1.0]]], [[[-0.9833793161910681, -0.0359700720484336, -0.17796425035500227, 0.0013635150452329238], [-0.03539513019100565, 0.9993528675682231, -0.006405532134902191, -0.06443770652794198], [0.17807949136930168, 0.0, -0.9840161049259564, -0.39833020495314275], [0.0, 0.0, 0.0, 1.0]], [[-0.8778136233883089, -0.44926045142617227, 0.16615742348219092, 0.02796625779638531], [-0.4414221820093976, 0.8934008320929369, 0.08355483496309689, -0.05552438077792879], [-0.18598306327176808, 0.0, -0.982552950316699, -0.331157243890129], [0.0, 0.0, 0.0, 1.0]]], [[[-0.7176273686558428, -0.6946775455577991, -0.04933626915245153, 0.05206955824888279], [-0.6930416645459946, 0.7193212826670651, -0.04764602297700542, -0.05450475043861918], [0.06858725070600563, 0.0, -0.9976451217946147, -0.3140240346558193], [0.0, 0.0, 0.0, 1.0]], [[-0.06501970166571677, -0.997858910070014, -0.007073470801861567, 0.07085948519060978], [-0.9920058886098794, 0.06540333014368305, -0.10791997669310387, -0.004086368616816035], [0.1081515388638778, 0.0, -0.9941344198051766, -0.1090226659318472], [0.0, 0.0, 0.0, 1.0]]], [[[0.6599919190614205, -0.7511097886041274, -0.01564455933180925, 0.055586430960584916], [-0.7508988578584589, -0.6601773136537359, 0.017799432681934416, 0.049606316543281966], [-0.023697511271971467, 0.0, -0.9997191745482903, -0.21997369854065266], [0.0, 0.0, 0.0, 1.0]], [[-0.06501970166571677, -0.997858910070014, -0.007073470801861567, 0.07085948519060978], [-0.9920058886098794, 0.06540333014368305, -0.10791997669310387, -0.004086368616816035], [0.1081515388638778, 0.0, -0.9941344198051766, -0.1090226659318472], [0.0, 0.0, 0.0, 1.0]]], [[[0.43864187709995506, 0.8965024956009623, 0.06226217981627728, -0.0639765716346894], [0.8876054210079898, -0.443038683842897, 0.12598944882799842, 0.031133982323579563], [0.14053440949268362, 0.0, -0.9900757949513475, -0.11102307164258468], [0.0, 0.0, 0.0, 1.0]], [[0.6500922809643492, 0.7596254861457626, -0.018685476402365328, -0.05716642234584497], [0.7593118985532905, -0.6503607620373586, -0.021824754696988618, 0.04859189575400204], [-0.028730940568785394, 0.0, -0.999587181317384, -0.2084961776676954], [0.0, 0.0, 0.0, 1.0]]], [[[0.4477511570974181, 0.8907481365388437, -0.07801704025724694, -0.05318051131842431], [0.8775267662560682, -0.45449725769533267, -0.15290198576732206, 0.027020600863411917], [-0.171655689745756, 0.0, -0.9851570048362388, -0.2695443829521438], [0.0, 0.0, 0.0, 1.0]], [[0.4760458658530409, -0.876422950577002, -0.07254753824996657, 0.06482704886472318], [-0.8664195851222226, -0.48154211830524407, 0.13203897460497838, 0.03553415774270435], [-0.15065668296117665, 0.0, -0.9885861438838477, -0.02405128969325535], [0.0, 0.0, 0.0, 1.0]]], [[[-0.9976596451625392, 0.05975752510513834, 0.03323056736598502, -0.004860564774028182], [0.05972440344332062, 0.9982129222732536, -0.0019893315537416463, -0.0745865605458918], [-0.03329005928946329, 0.0, -0.9994457323699493, -0.14116287151837406], [0.0, 0.0, 0.0, 1.0]], [[-0.5802014611963211, 0.7877525985836052, -0.20691086933854222, -0.0518601239461449], [-0.7419826715677641, -0.6159917559714393, -0.2646051240403072, 0.0404407099946019], [-0.3358987637947149, 1.1534924865904153e-16, 0.9418980945310287, -0.020046223051004085], [0.0, 0.0, 0.0, 1.0]]], [[[-0.16605102791121515, -0.9859814018117928, -0.016362500141510382, 0.06792618144753453], [-0.9812290763134106, 0.16685525248325891, -0.09668931955432898, -0.011669797088403794], [0.09806403992677475, 0.0, -0.9951801063492177, -0.0170380603594406], [0.0, 0.0, 0.0, 1.0]], [[0.7411603170446348, 0.6706068880215524, 0.03110926190615046, -0.04871391240087377], [0.670016931886655, -0.7418129155912891, 0.028123108774537983, 0.05377519126179209], [0.04193680273327903, 0.0, -0.999120265321703, -0.36871051072606803], [0.0, 0.0, 0.0, 1.0]]], [[[0.9831003558189755, -0.13247355272025915, -0.12635049749912586, 0.00738714248351038], [-0.13139282214830558, -0.9911865403795962, 0.016886931581285604, 0.05790556131035214], [-0.12747398431251622, 0.0, -0.9918419144820875, -0.19244004405015347], [0.0, 0.0, 0.0, 1.0]], [[-0.46140559047016744, -0.8861082259564652, 0.043784620303962324, 0.06227388985446352], [-0.8821453251089105, 0.46347838341424946, 0.08371029504313372, -0.03262162269240582], [-0.09446960607185069, 0.0, -0.9955277462374563, -0.293878596482628], [0.0, 0.0, 0.0, 1.0]]], [[[-0.2569381309133325, -0.9645812696265456, -0.05971407847739802, 0.06921950715028688], [-0.9395413332403425, 0.2637858492899906, -0.21835546443200873, -0.01923647031374702], [0.22637332001745053, 0.0, -0.974040615161543, -0.3427547839846149], [0.0, 0.0, 0.0, 1.0]], [[-0.06501970166571677, -0.997858910070014, -0.007073470801861567, 0.07085948519060978], [-0.9920058886098794, 0.06540333014368305, -0.10791997669310387, -0.004086368616816035], [0.1081515388638778, 0.0, -0.9941344198051766, -0.1090226659318472], [0.0, 0.0, 0.0, 1.0]]], [[[-0.9976596451625392, 0.05975752510513834, 0.03323056736598502, -0.004860564774028182], [0.05972440344332062, 0.9982129222732536, -0.0019893315537416463, -0.0745865605458918], [-0.03329005928946329, 0.0, -0.9994457323699493, -0.14116287151837406], [0.0, 0.0, 0.0, 1.0]], [[0.98122565976182, -0.09725173890056796, -0.1665482029497677, 0.005677096676453424], [-0.09588039246737923, -0.9952598149633168, 0.016274245281596746, 0.0653248592224925], [-0.1673414323031884, 0.0, -0.985899003465729, -0.3363995018967546], [0.0, 0.0, 0.0, 1.0]]], [[[-0.20012053603969748, 0.968316207129015, -0.14938371419422855, -0.16090373996166016], [-0.030233995525844496, 0.1462921719744641, 0.988779300922879, -0.026919982793703313], [0.9793046903644071, 0.20239151027222624, -1.2392905761474026e-17, -0.4843880583710714], [0.0, 0.0, 0.0, 1.0]], [[0.82949562875191, -0.5566030262141627, -0.04615271487908217, 0.044231284174708764], [-0.5557434686892955, -0.8307785933744538, 0.030921283931202543, 0.0664233025199733], [-0.055553567758190814, 0.0, -0.9984557081359875, -0.260640426775421], [0.0, 0.0, 0.0, 1.0]]], [[[-0.23656166812627846, 0.9713367162562404, -0.023314390960444076, -0.07112870614870186], [0.96665344363957, 0.23770776944084926, 0.09526875798086668, -0.01683975830718345], [0.09808005441002458, 0.0, -0.9951785281681508, -0.3429381689274341], [0.0, 0.0, 0.0, 1.0]], [[-0.2040066665858997, -0.9786464536340735, -0.02514754019701762, 0.05740718933524907], [-0.9712948357328073, 0.20555076937207278, -0.1197297928225382, -0.011712964378682005], [0.12234223337543147, 0.0, -0.9924879736967656, -0.12223799655206269], [0.0, 0.0, 0.0, 1.0]]], [[[0.9768770795974918, -0.05552735320552606, 0.20646521354229277, 0.0031234952610225118], [-0.05432721649463079, -0.9984571663551665, -0.011482181933620545, 0.059962738629764235], [0.2067842472361503, 0.0, -0.9783865673111926, -0.2629606428860889], [0.0, 0.0, 0.0, 1.0]], [[-0.28104337316977296, 0.9590067472023003, -0.036341177991626006, -0.05947814555608122], [-0.9510883364238193, -0.28338323666099813, -0.12298340334414543, 0.017421186570135534], [-0.12824039424427783, 1.2145350283569075e-16, 0.991743112546829, -0.022177093222314932], [0.0, 0.0, 0.0, 1.0]]], [[[-0.9976596451625392, 0.05975752510513834, 0.03323056736598502, -0.004860564774028182], [0.05972440344332062, 0.9982129222732536, -0.0019893315537416463, -0.0745865605458918], [-0.03329005928946329, 0.0, -0.9994457323699493, -0.14116287151837406], [0.0, 0.0, 0.0, 1.0]], [[-0.7848601985046837, 0.6157402800670664, -0.06970205381564584, -0.04323573813340138], [0.6133264070594446, 0.7879491782487819, 0.05446843949134083, -0.05468713236609389], [0.08846008821350478, 0.0, -0.9960797221072513, -0.22611225780641067], [0.0, 0.0, 0.0, 1.0]]], [[[0.41695419975545134, 0.04391060357592332, -0.9078662094162825, -0.008463597242697298], [0.9028732308596218, 0.09508408487753048, 0.4192599978534927, -0.004202798933046691], [0.10473358727456684, -0.9945003145784324, 1.8268674404992695e-16, 0.04020302971083278], [0.0, 0.0, 0.0, 1.0]], [[-0.9443782679886243, 0.2066613696092868, -0.2558139270290417, -0.013722087503232951], [0.19947261544965983, 0.9784125297190412, 0.05403329875602987, -0.0586661113965406], [0.2614581470072758, 0.0, -0.9652148141028098, -0.3661377890331865], [0.0, 0.0, 0.0, 1.0]]], [[[0.9948261602626524, -0.011611847125272618, 0.10092609109346729, 0.0006616717304157035], [-0.011552548159326412, -0.9999325802304571, -0.0011720173578688483, 0.07800707639313369], [0.10093289596605262, 0.0, -0.9948932357353256, -0.2668736552876397], [0.0, 0.0, 0.0, 1.0]], [[0.6077617560352193, -0.7935042296383349, 0.0312519670910356, 0.05796980553059243], [-0.79245722883719, -0.6085647357069522, -0.04074926892115596, 0.045143495599133665], [0.05135356233668566, 0.0, -0.9986805353241506, -0.16955876961568508], [0.0, 0.0, 0.0, 1.0]]], [[[0.996963603209156, 0.04866870931365772, -0.06078594089063113, -0.004142488083090182], [0.060713640803283, 0.0029638539723190727, 0.9981508249708761, 0.00971688118352296], [0.048758873004065076, -0.9988105787902796, 1.8347852674050466e-16, 0.0710903043160632], [0.0, 0.0, 0.0, 1.0]], [[0.21638357738044975, 0.9762264068618957, -0.01265503795140321, -0.07098936483971154], [0.9745611297625976, -0.2167533218788412, -0.05699650700119332, 0.01575619184388146], [-0.05838451674792328, 0.0, -0.99829416917265, -0.13400364303094997], [0.0, 0.0, 0.0, 1.0]]], [[[0.8031387323803575, 0.04755126846402681, -0.5938914491874207, -0.0021006327615965973], [0.5928532512009914, 0.035100939565044835, 0.8045451799508001, -0.0046650872970801695], [0.05910329170940381, -0.9982518724796429, 1.8337589405625696e-16, 0.04876524207244442], [0.0, 0.0, 0.0, 1.0]], [[-0.2040066665858997, -0.9786464536340735, -0.02514754019701762, 0.05740718933524907], [-0.9712948357328073, 0.20555076937207278, -0.1197297928225382, -0.011712964378682005], [0.12234223337543147, 0.0, -0.9924879736967656, -0.12223799655206269], [0.0, 0.0, 0.0, 1.0]]], [[[-0.954984618115076, -0.16949753267914855, 0.24346450578941412, 0.011201873506973308], [-0.1642440474304527, 0.9855306116076157, 0.041872502528296995, -0.06805746826348047], [-0.2470390091610349, 0.0, -0.9690055355635149, -0.19073977722552332], [0.0, 0.0, 0.0, 1.0]], [[-0.6302788375795245, 0.7742783724432405, 0.05693495293797973, -0.04676863967667329], [0.7711385028803078, 0.6328451642911136, -0.06965922343000269, -0.037303330831413684], [-0.08996663978898513, 0.0, -0.9959447794557081, -0.1345393791889011], [0.0, 0.0, 0.0, 1.0]]], [[[-0.0659037482975076, 0.9977503591771283, -0.01228481673653699, -0.07734340995545305], [0.9808549945771841, 0.06703894958836643, 0.182836699956767, -0.004999065110370796], [0.1832489442625281, 0.0, -0.9830665411998666, -0.21989633414681814], [0.0, 0.0, 0.0, 1.0]], [[-0.4479078419565906, -0.8930983976321514, -0.04187860146511034, 0.058512584029828424], [-0.8892201079831901, 0.4498613699206498, -0.08314052809238262, -0.029067489590934303], [0.09309223744305324, 0.0, -0.9956574889628694, -0.268937303259403], [0.0, 0.0, 0.0, 1.0]]], [[[-0.4054427930166745, 0.9130444029172241, 0.044340273932033575, -0.06592402355056737], [0.9076328115947714, 0.40786017003567504, -0.09926107502460613, -0.028965123617079227], [-0.1087144006441109, 0.0, -0.9940730250301493, -0.36303615059234956], [0.0, 0.0, 0.0, 1.0]], [[-0.8898737547944543, 0.39993529866128236, 0.21949136067902658, -0.029631477759473165], [0.38829796373261233, 0.9165433742517105, -0.09577543775100168, -0.06658038395597388], [-0.2394773306372161, 0.0, -0.9709019559723185, -0.21490475553169877], [0.0, 0.0, 0.0, 1.0]]], [[[-0.28104337316977296, 0.9590067472023003, -0.036341177991626006, -0.05947814555608122], [-0.9510883364238193, -0.28338323666099813, -0.12298340334414543, 0.017421186570135534], [-0.12824039424427783, 1.2145350283569075e-16, 0.991743112546829, -0.022177093222314932], [0.0, 0.0, 0.0, 1.0]], [[0.6077617560352193, -0.7935042296383349, 0.0312519670910356, 0.05796980553059243], [-0.79245722883719, -0.6085647357069522, -0.04074926892115596, 0.045143495599133665], [0.05135356233668566, 0.0, -0.9986805353241506, -0.16955876961568508], [0.0, 0.0, 0.0, 1.0]]], [[[-0.0659037482975076, 0.9977503591771283, -0.01228481673653699, -0.07734340995545305], [0.9808549945771841, 0.06703894958836643, 0.182836699956767, -0.004999065110370796], [0.1832489442625281, 0.0, -0.9830665411998666, -0.21989633414681814], [0.0, 0.0, 0.0, 1.0]], [[0.9954106393896599, -0.003850378959442829, 0.0956181654903351, -0.0006310296951709575], [-0.09561745015787602, 0.00036986084302794255, 0.9954180862473129, -0.0067637256280017235], [-0.003868102270432542, -0.999992518864429, 1.836956456097933e-16, 0.06367038385688084], [0.0, 0.0, 0.0, 1.0]]], [[[0.06305624550924836, -0.9601115060755465, -0.2724147679616936, 0.10483017105910976], [-0.21651379601832255, -0.2796174098681017, 0.9353800726081299, 0.11704922948946793], [-0.9742410820921142, 0.0, -0.22550901082658847, -0.4707195521128644], [0.0, 0.0, 0.0, 1.0]], [[-0.12002489708401205, 0.38659974528885266, -0.9144039922389701, -0.03119232074246389], [-0.2711227153454735, 0.8732852536521293, 0.40480283963607944, -0.1343648795114838], [0.9550321969984413, 0.2965021124652071, -1.815551814854722e-17, -0.4907218776572494], [0.0, 0.0, 0.0, 1.0]]], [[[0.0791836180475603, 0.4245331203695165, 0.9019432267843802, -0.03658270573615763], [0.16537770841962132, 0.8866520162386677, -0.43185462329096386, -0.1291823899597156], [-0.9830463713328954, 0.1833571155129443, -1.1227385230690938e-17, -0.483082177430098], [0.0, 0.0, 0.0, 1.0]], [[-0.270832552168708, -0.2886939513692038, -0.9183166834641633, 0.028363292980611993], [0.08166489370464333, -0.9574214340836725, 0.27690258701098025, 0.11631572345458664], [-0.9591561780137755, 3.464244754826856e-17, 0.28287705134564495, -0.47070230454545015], [0.0, 0.0, 0.0, 1.0]]], [[[-0.13248660683881971, 0.5342827357796764, 0.8348588247459089, -0.0707574906625173], [-0.20093519216326952, 0.8103174105290039, -0.5504641157640338, -0.1251056779725746], [-0.970604114744341, -0.24068164126362862, 4.421250023805514e-17, -0.45446401945938536], [0.0, 0.0, 0.0, 1.0]], [[0.14918736246467168, 0.6576902344213308, -0.7383675821890135, -0.054518968118014155], [0.13025430780239927, -0.7532884942349877, -0.6446629039677271, 0.1414693775714991], [-0.9801923006123607, 0.0, -0.19804810986284999, -0.47070096892457003], [0.0, 0.0, 0.0, 1.0]]], [[[0.06954931113633217, -0.9770181418516269, 0.20149055514652825, 0.12379957080688804], [0.3187847692399754, 0.21315616456671968, 0.9235478982748114, 0.04087328141747437], [-0.9452720054148844, 3.9958188138327404e-17, 0.3262833673035185, -0.47071140929287103], [0.0, 0.0, 0.0, 1.0]], [[-0.3141547375426802, -0.0014661966623050616, -0.9493706605677453, 0.004554000798679455], [-0.00046061312273020145, 0.9999989251330961, -0.001391965589992524, -0.14271542616462066], [0.9493716810159448, 0.0, -0.31415507521757324, -0.47070438539316795], [0.0, 0.0, 0.0, 1.0]]], [[[-0.18867674621322097, 0.4134445316219877, 0.8907663580930003, -0.06953238819346154], [0.08567255150291204, 0.9105293072009684, -0.4044707587046382, -0.13264755152184038], [-0.9782950982997782, 0.0, -0.20721655494343913, -0.4707088853372763], [0.0, 0.0, 0.0, 1.0]], [[0.2407436347807877, 0.5870444089984252, 0.7729303747273907, -0.09634653253131428], [0.17457399661216322, -0.809554730616584, 0.5604864475107019, 0.09431874334576926], [0.9547598766283547, 0.0, -0.2973778370702983, -0.4707041301832691], [0.0, 0.0, 0.0, 1.0]]], [[[0.0791836180475603, 0.4245331203695165, 0.9019432267843802, -0.03658270573615763], [0.16537770841962132, 0.8866520162386677, -0.43185462329096386, -0.1291823899597156], [-0.9830463713328954, 0.1833571155129443, -1.1227385230690938e-17, -0.483082177430098], [0.0, 0.0, 0.0, 1.0]], [[0.2407436347807877, 0.5870444089984252, 0.7729303747273907, -0.09634653253131428], [0.17457399661216322, -0.809554730616584, 0.5604864475107019, 0.09431874334576926], [0.9547598766283547, 0.0, -0.2973778370702983, -0.4707041301832691], [0.0, 0.0, 0.0, 1.0]]], [[[-0.023912523348710024, -0.09381752793771758, 0.9953021966612717, 0.021857522542920144], [-0.24582645209420773, -0.9644665977261873, -0.09681703011994852, 0.13600075066200462], [0.9690188577514225, -0.24698674726010786, 4.5370729419586106e-17, -0.45403036491140997], [0.0, 0.0, 0.0, 1.0]], [[-0.2439883251476348, -0.6789836720315617, -0.6924239093981293, 0.11276458897007191], [-0.22565324268386583, 0.7341533716564521, -0.640390069373128, -0.13773759307979314], [0.9431597485356913, 0.0, -0.3323397188752672, -0.4707154133442115], [0.0, 0.0, 0.0, 1.0]]], [[[0.9592843374234247, 0.27351200289436933, -0.07046094128530783, -0.019585110146753317], [0.2727771581521148, -0.9618685899189714, -0.020035910704174865, 0.06776736178197783], [-0.07325422830497409, 0.0, -0.9973132998388433, -0.13441201961996221], [0.0, 0.0, 0.0, 1.0]], [[-0.8531287185061677, 0.5211918733933548, 0.02303086556665205, -0.03642417818015846], [0.5210020622347091, 0.8534395298489079, -0.014064851170743142, -0.05869150101214629], [-0.02698593721189527, 0.0, -0.9996358132804144, -0.2087589373416904], [0.0, 0.0, 0.0, 1.0]]], [[[0.3044885357896896, -0.4476664138290772, -0.8407624596174977, -0.0391171291593701], [-0.15243703146383075, -0.8942006385199093, 0.42091349409241047, 0.13275870950158042], [-0.9402391626661517, 0.0, -0.34051478233529603, -0.47071292696728195], [0.0, 0.0, 0.0, 1.0]], [[0.031967145329509734, 0.8548538333029772, 0.5178832158959082, -0.03876413161315044], [-0.052666940181767805, 0.5188688887254717, -0.8532299043778789, -0.12227511781466174], [-0.9981003431676457, 7.544962331780007e-18, 0.06160929287557117, -0.4707047227512476], [0.0, 0.0, 0.0, 1.0]]], [[[-0.3073721705707972, -0.53441166868612, 0.7873541243498464, 0.09013145357602745], [0.19434281375027065, -0.8452243302059618, -0.49782195850676464, 0.12038377019533322], [0.931532725942693, 4.453519987347922e-17, 0.36365750438809263, -0.4707032740188922], [0.0, 0.0, 0.0, 1.0]], [[-0.025483347682391407, -0.9958323943094219, -0.08756963763121538, 0.13501444080315017], [0.27825141684491067, -0.09120220635469307, 0.9561685555276516, 0.0005843003547326749], [-0.9601701661761305, 3.4218580249504916e-17, 0.27941591219059425, -0.47071403732118566], [0.0, 0.0, 0.0, 1.0]]], [[[-0.07105120548629873, -0.9733056986159601, -0.21823781349858137, 0.11455599203400363], [0.3013104902971645, -0.2295125640170878, 0.9254922859728137, 0.04218356145199659], [-0.9508752361039939, 3.7911925103968694e-17, 0.3095743616066645, -0.4707129484937887], [0.0, 0.0, 0.0, 1.0]], [[0.05588026199916601, 0.7597504105117554, -0.6478091617491403, -0.028744441399141216], [0.06529388535632055, -0.6502148212146653, -0.7569394921708449, 0.1162145088314663], [-0.9963002081972985, 0.0, -0.08594123076858842, -0.47070730639981345], [0.0, 0.0, 0.0, 1.0]]], [[[0.03619447600995159, 0.9847115993221365, 0.17039080393849074, -0.12641284406619682], [-0.20460753127940676, 0.17419261224414814, -0.9632199603326888, 0.007201074849386441], [-0.978174686878633, 2.5446227954992926e-17, 0.2077842196844803, -0.470705651246088], [0.0, 0.0, 0.0, 1.0]], [[-0.13248660683881971, 0.5342827357796764, 0.8348588247459089, -0.0707574906625173], [-0.20093519216326952, 0.8103174105290039, -0.5504641157640338, -0.1251056779725746], [-0.970604114744341, -0.24068164126362862, 4.421250023805514e-17, -0.45446401945938536], [0.0, 0.0, 0.0, 1.0]]], [[[0.299535355368912, 0.016032742967262436, 0.9539504819627511, -0.011013722638924167], [0.004802990703523022, -0.9998714673161473, 0.015296408969303043, 0.16784049004293256], [0.9540731115403691, 0.0, -0.29957386040120143, -0.4707139859746961], [0.0, 0.0, 0.0, 1.0]], [[-0.24486708961790002, -0.4417803026616623, 0.8630586727460826, 0.1016328888025872], [-0.1205826004136851, 0.8971232714516831, 0.4250054967848104, -0.11594089349897607], [-0.9620290769511767, 0.0, -0.272946982215351, -0.4707148454302843], [0.0, 0.0, 0.0, 1.0]]], [[[0.19869571853981377, 0.26364551469242403, 0.943933818663424, -0.08244717873821156], [0.05430662306113831, -0.9646196362207058, 0.2579917597698202, 0.129772044120811], [0.9785554670664522, 0.0, -0.20598348932464816, -0.47070869310961694], [0.0, 0.0, 0.0, 1.0]], [[-0.22888760356951482, 0.759631365262767, -0.6087451468728349, -0.1260770617877789], [-0.267347061490015, -0.6503538951286635, -0.7110311946768789, -0.019376880814456827], [-0.9360213745662324, 4.31006061738832e-17, 0.35194315784674834, -0.4707046517693395], [0.0, 0.0, 0.0, 1.0]]], [[[0.08647494650910922, 0.949570012793682, -0.30139488122603086, -0.13253096283116977], [-0.2618806717256441, 0.31355508416067274, 0.9127440621409262, 0.0444340320878087], [0.9612182881129406, 3.377437388148139e-17, 0.2757886919313913, -0.47071060598689163], [0.0, 0.0, 0.0, 1.0]], [[0.03619447600995159, 0.9847115993221365, 0.17039080393849074, -0.12641284406619682], [-0.20460753127940676, 0.17419261224414814, -0.9632199603326888, 0.007201074849386441], [-0.978174686878633, 2.5446227954992926e-17, 0.2077842196844803, -0.470705651246088], [0.0, 0.0, 0.0, 1.0]]], [[[0.03196029771612863, -0.9961032756149975, 0.08219977906885546, 0.1514362312772407], [-0.36097226633762564, -0.08819446869884882, -0.9283968756011655, 0.028740840790767372], [0.9320287346991909, 0.0, -0.3623843783816092, -0.4707144744654502], [0.0, 0.0, 0.0, 1.0]], [[-0.12002489708401205, 0.38659974528885266, -0.9144039922389701, -0.03119232074246389], [-0.2711227153454735, 0.8732852536521293, 0.40480283963607944, -0.1343648795114838], [0.9550321969984413, 0.2965021124652071, -1.815551814854722e-17, -0.4907218776572494], [0.0, 0.0, 0.0, 1.0]]], [[[-0.22543849245319755, -0.11786878055529645, -0.9671010478180845, -0.05111351460922467], [-0.026758690232456302, 0.9930291791132864, -0.11479121014535947, -0.12297907105205964], [0.9738898595926918, 0.0, -0.2270210152882921, -0.47069891016331034], [0.0, 0.0, 0.0, 1.0]], [[0.2407436347807877, 0.5870444089984252, 0.7729303747273907, -0.09634653253131428], [0.17457399661216322, -0.809554730616584, 0.5604864475107019, 0.09431874334576926], [0.9547598766283547, 0.0, -0.2973778370702983, -0.4707041301832691], [0.0, 0.0, 0.0, 1.0]]], [[[0.17280554806096496, 0.037118723251189124, 0.9842562892578088, 0.053291700491119504], [0.006418744710906879, -0.9993108627370173, 0.036559531344569685, 0.15589111680034456], [0.9849350446987283, 0.0, -0.1729247169270902, -0.47070826755728457], [0.0, 0.0, 0.0, 1.0]], [[-0.12164538393142721, -0.26891069699990044, 0.9554524779428873, 0.1026331169891605], [-0.033962759344786535, 0.9631651141102588, 0.2667573690428446, -0.13572597177832982], [-0.9919924049839615, 0.0, -0.12629753938274577, -0.4707160774576654], [0.0, 0.0, 0.0, 1.0]]], [[[-0.01659515810567366, 0.9876627081025501, 0.15571440444282858, -0.14753962013725558], [-0.10466676118936961, -0.15659621650454106, 0.9821010610311907, 0.01129008964224292], [0.9943688801594583, 1.2978095964961035e-17, 0.10597419577625884, -0.47071238064296433], [0.0, 0.0, 0.0, 1.0]], [[-0.19243433763858578, 0.8292197968733148, -0.5247509448976508, -0.06886022289050696], [0.2854963247985419, 0.5589226498124572, 0.7785225237930801, -0.14649983257623386], [0.9388614776547839, 0.0, -0.3442951143653883, -0.47071789079257], [0.0, 0.0, 0.0, 1.0]]], [[[0.19854573549980678, 0.034506977520594645, 0.9794839760900809, 0.05688307380683527], [-0.006855295855741419, 0.9994044569154138, -0.033819172318924055, -0.14209975654444054], [-0.9800676486006317, 2.43293291101237e-17, 0.1986640485000469, -0.4707139459899434], [0.0, 0.0, 0.0, 1.0]], [[0.1777869814262615, -0.8757090283571464, 0.448915901800238, 0.1492108420463797], [-0.32244619580250755, -0.4828392047605318, -0.8141834886306085, 0.08611244069327972], [0.9297420287627257, 0.0, -0.3682115695523036, -0.47070838946738314], [0.0, 0.0, 0.0, 1.0]]], [[[0.0028519784593653307, 0.9998801514929313, 0.015216729916116997, -0.16852351063037774], [-0.18419417381915013, 0.015481687584780086, -0.9827679398925302, -0.037158940362568865], [-0.9828857372807625, 2.255998431936151e-17, 0.18421625186191357, -0.47066395020215157], [0.0, 0.0, 0.0, 1.0]], [[0.14918736246467168, 0.6576902344213308, -0.7383675821890135, -0.054518968118014155], [0.13025430780239927, -0.7532884942349877, -0.6446629039677271, 0.1414693775714991], [-0.9801923006123607, 0.0, -0.19804810986284999, -0.47070096892457003], [0.0, 0.0, 0.0, 1.0]]], [[[0.19854573549980678, 0.034506977520594645, 0.9794839760900809, 0.05688307380683527], [-0.006855295855741419, 0.9994044569154138, -0.033819172318924055, -0.14209975654444054], [-0.9800676486006317, 2.43293291101237e-17, 0.1986640485000469, -0.4707139459899434], [0.0, 0.0, 0.0, 1.0]], [[0.03196029771612863, -0.9961032756149975, 0.08219977906885546, 0.1514362312772407], [-0.36097226633762564, -0.08819446869884882, -0.9283968756011655, 0.028740840790767372], [0.9320287346991909, 0.0, -0.3623843783816092, -0.4707144744654502], [0.0, 0.0, 0.0, 1.0]]], [[[0.10730401782348452, 0.23092797920315197, 0.9670357367647207, -0.1162377796301376], [0.025467875098005462, -0.9729708466450312, 0.22951932144558937, 0.03912829411819212], [0.9939000126254802, 0.0, -0.11028492600110992, -0.470684684455604], [0.0, 0.0, 0.0, 1.0]], [[0.25789204639933, -0.19507084521489942, 0.9462764172011846, -0.06666813217750411], [-0.05129259356174129, -0.9807891543788321, -0.188206547438088, 0.1351105266187066], [0.9648112573191069, 0.0, -0.26294341168837854, -0.47071317052830075], [0.0, 0.0, 0.0, 1.0]]], [[[-0.043732382001177156, 0.973606835325012, 0.22400269858400784, -0.11418253070976479], [0.18655663225776714, 0.22823174671463817, -0.9555662681113358, 0.05632732747286762], [-0.9814703774058305, 0.0, -0.19161393027349718, -0.4707025786510358], [0.0, 0.0, 0.0, 1.0]], [[-0.20012053603969748, 0.968316207129015, -0.14938371419422855, -0.16090373996166016], [-0.030233995525844496, 0.1462921719744641, 0.988779300922879, -0.026919982793703313], [0.9793046903644071, 0.20239151027222624, -1.2392905761474026e-17, -0.4843880583710714], [0.0, 0.0, 0.0, 1.0]]], [[[0.2504021943456933, 0.3460372709486619, -0.9041885578690233, -0.06858063716021075], [0.09235405465750048, -0.9382207667251895, -0.33348541418466426, 0.1524710417377088], [-0.9637268646536638, 0.0, -0.2668904838034113, -0.4707017150890862], [0.0, 0.0, 0.0, 1.0]], [[0.10730401782348452, 0.23092797920315197, 0.9670357367647207, -0.1162377796301376], [0.025467875098005462, -0.9729708466450312, 0.22951932144558937, 0.03912829411819212], [0.9939000126254802, 0.0, -0.11028492600110992, -0.470684684455604], [0.0, 0.0, 0.0, 1.0]]], [[[-0.043732382001177156, 0.973606835325012, 0.22400269858400784, -0.11418253070976479], [0.18655663225776714, 0.22823174671463817, -0.9555662681113358, 0.05632732747286762], [-0.9814703774058305, 0.0, -0.19161393027349718, -0.4707025786510358], [0.0, 0.0, 0.0, 1.0]], [[-0.039228276467930326, 0.9831885131266735, -0.17832972265193564, -0.14799032598167533], [0.21122774431640245, 0.1825933943376941, 0.9602304371218628, -0.024387114146694394], [0.9766493651031368, 0.0, -0.2148395160198418, -0.4707115101077534], [0.0, 0.0, 0.0, 1.0]]], [[[0.8523189565498392, -0.4625298911558181, 0.2441689908509682, 0.028252002721623266], [-0.4446439818439269, -0.8866036881196621, -0.12737986348944866, 0.05484295817500881], [0.2753981222081421, 0.0, -0.9613302628567506, -0.2773879769511456], [0.0, 0.0, 0.0, 1.0]], [[-0.8211008847860762, 0.5622263437114903, -0.09846255857092119, -0.03770602947698243], [0.5582271060182917, 0.826983396711693, 0.06693997064261104, -0.05502120122124348], [0.1190623160784541, 0.0, -0.9928867835206764, -0.1632822975733252], [0.0, 0.0, 0.0, 1.0]]], [[[-0.24486708961790002, -0.4417803026616623, 0.8630586727460826, 0.1016328888025872], [-0.1205826004136851, 0.8971232714516831, 0.4250054967848104, -0.11594089349897607], [-0.9620290769511767, 0.0, -0.272946982215351, -0.4707148454302843], [0.0, 0.0, 0.0, 1.0]], [[0.11630642663322481, -0.4672363214509077, 0.8764491057904243, 0.13403785812471986], [0.21170887955682333, -0.850495376446944, -0.4814945118681683, 0.0959402039190351], [0.9703876366898977, 0.24155296429436598, -1.479085322738251e-17, -0.4870230521750026], [0.0, 0.0, 0.0, 1.0]]], [[[-0.14321942948376298, 0.5330203261326215, -0.8338929949027148, -0.11244499816899492], [-0.21638706441587002, 0.8053286070302615, 0.5519261481866761, -0.04916344716961432], [0.9657457395048801, 0.2594902052644231, -1.5889192464358274e-17, -0.48822763517592604], [0.0, 0.0, 0.0, 1.0]], [[0.1670531798691844, 0.8065047010813887, 0.5671361408244179, -0.1289403321952143], [-0.22788035798671905, 0.5912276779157247, -0.7736409860589245, -0.12010662667962343], [-0.9592516758074696, 3.4602768046212016e-17, 0.28255304362289446, -0.47070438538203596], [0.0, 0.0, 0.0, 1.0]]], [[[-0.14321942948376298, 0.5330203261326215, -0.8338929949027148, -0.11244499816899492], [-0.21638706441587002, 0.8053286070302615, 0.5519261481866761, -0.04916344716961432], [0.9657457395048801, 0.2594902052644231, -1.5889192464358274e-17, -0.48822763517592604], [0.0, 0.0, 0.0, 1.0]], [[-0.043732382001177156, 0.973606835325012, 0.22400269858400784, -0.11418253070976479], [0.18655663225776714, 0.22823174671463817, -0.9555662681113358, 0.05632732747286762], [-0.9814703774058305, 0.0, -0.19161393027349718, -0.4707025786510358], [0.0, 0.0, 0.0, 1.0]]], [[[-0.20012053603969748, 0.968316207129015, -0.14938371419422855, -0.16090373996166016], [-0.030233995525844496, 0.1462921719744641, 0.988779300922879, -0.026919982793703313], [0.9793046903644071, 0.20239151027222624, -1.2392905761474026e-17, -0.4843880583710714], [0.0, 0.0, 0.0, 1.0]], [[0.3044885357896896, -0.4476664138290772, -0.8407624596174977, -0.0391171291593701], [-0.15243703146383075, -0.8942006385199093, 0.42091349409241047, 0.13275870950158042], [-0.9402391626661517, 0.0, -0.34051478233529603, -0.47071292696728195], [0.0, 0.0, 0.0, 1.0]]], [[[-0.98966274290887, 0.04174721014767899, -0.1372035923107606, -0.0031087094737797557], [0.04135170870778033, 0.9991282052093642, 0.005732865083128685, -0.06883742571067929], [0.13732331005710124, 0.0, -0.9905262785585051, -0.2668967476965278], [0.0, 0.0, 0.0, 1.0]], [[0.5965931578848378, 0.7851732183571096, -0.16607113277067656, -0.05189445261095408], [0.756413643212154, -0.6192762042697416, -0.21055969032029248, 0.041380221713396975], [-0.26816973044606124, 0.0, -0.9633716809583344, -0.17041570616883853], [0.0, 0.0, 0.0, 1.0]]]], "object": "meshes/1d198eb08540837be9bd6b804c8484dd.stl", "object_scale": 0.0337881462815256, "metric": [1.2252729380580956, 1.2606233500284834, 1.3097314811770446, 1.3317614111635292, 1.3740480063216183, 1.398923742478807, 1.4244974888425759, 1.4376448981689023, 1.493637039292571, 1.5114971856515582, 1.5291410473930105, 1.53304951031178, 1.5382199061344424, 1.5465695483934616, 1.552460176678729, 1.5686633464511055, 1.577529952833229, 1.5962482834263467, 1.605177995007491, 1.6200394774264746, 1.6255036189077283, 1.6307311392717239, 1.6336124374748935, 1.6536358496145227, 1.6597698338414713, 1.6616241698684857, 1.6640408334062249, 1.6684945837673657, 1.6775208294960946, 1.6827822228831961, 1.6831850971772586, 1.6875830190607244, 2.9039330860787542, 2.9037484818371175, 2.9032548276190915, 2.903182901839506, 2.903042043288566, 2.903001046338237, 2.9028179180492377, 2.902702835080504, 2.9024945256447205, 2.902311739127727, 2.902238081460911, 2.900488631475199, 2.899384912662871, 2.8992929481687826, 2.897236680787124, 2.8956940935327533, 2.8943502002754213, 2.8936498050219344, 2.893581590789376, 2.8926262833360963, 2.8924686467832625, 2.8901065244930653, 2.889427784105859, 2.88628800460622, 2.8858439363825448, 2.884371290383756, 2.877278627354308, 2.8737261234253015, 2.8587866737098224, 2.858698363537438, 2.8583851365303916, 2.8529771116721028]}