{"transforms": [[[[-0.058441643874722546, 0.013827103382727031, 0.9981950638393597, 0.2599026676957991], [-0.9713773610750199, 0.2298247329253185, -0.060055095759947934, -0.029632649350030904], [-0.23024030197198447, -0.9731338054696534, 1.7876178000157412e-16, 0.3275803451131092], [0.0, 0.0, 0.0, 1.0]], [[-0.002959323164261733, 0.0011259994729301578, 0.9999949872532344, 0.17936240096848655], [-0.934626047289586, 0.35561794985551703, -0.003166302007638417, -0.032107586785823365], [-0.3556197324871808, -0.9346307323567666, 1.7168888021481912e-16, 0.298743947676109], [0.0, 0.0, 0.0, 1.0]]], [[[0.19822400549906463, -0.04216140771716752, -0.9792495388526938, -0.27281018540727786], [-0.9578234616989632, 0.20372499984594078, -0.20265818674997177, -0.024754601753877503], [0.20804196659069008, 0.9781199006957574, -5.989257027846931e-17, -0.20456977287021638], [0.0, 0.0, 0.0, 1.0]], [[-0.14775508381976152, 0.9888761641126763, 0.017098750106794288, -0.38947898622038934], [0.9823204457374376, 0.14874115788778622, -0.11367765759551335, -0.03039460632436601], [-0.11495641387768396, 0.0, -0.9933705365614499, -0.17437426574252274], [0.0, 0.0, 0.0, 1.0]]], [[[0.11809451338030028, 0.03760220201981177, -0.9922901593348245, -0.09142859354363637], [0.9455171466599676, 0.3010599370303605, 0.12393643405903149, -0.02857323273900511], [0.3033990957162914, -0.9528635729833188, 1.7503819870171975e-16, 0.3019836524114057], [0.0, 0.0, 0.0, 1.0]], [[0.197486686207256, 0.041470124526657035, -0.9794280154981377, -0.2227708606757265], [0.9585226820852413, 0.20127966978991182, 0.20179386129756188, -0.01887301014145313], [0.20550736409917866, -0.9786555692893224, 1.797761115596849e-16, 0.2947903940813416], [0.0, 0.0, 0.0, 1.0]]], [[[0.24962281724763374, 0.9668081133282105, -0.054502487210223244, -0.41615949799492563], [-0.9445557617893663, 0.25550356553822506, 0.2062337044902312, -0.03715506279225307], [0.2133139985558017, 1.1964599534746006e-16, 0.9769836938353349, 0.06315401387089295], [0.0, 0.0, 0.0, 1.0]], [[0.0770469276774312, 0.9969846778366033, 0.009237050097997943, -0.3735741013595498], [-0.989896031322057, 0.07759866080702835, -0.11867727252425804, -0.012579280964868784], [-0.11903620503153625, 1.2159394554365513e-16, 0.9928899142864177, 0.10713973968257456], [0.0, 0.0, 0.0, 1.0]]], [[[-0.004395438818971086, -0.0017242949374677954, -0.9999888534001553, -0.09235384952513839], [0.9309200959322808, 0.3651923902739356, -0.0047215543460490846, -0.045934494589142616], [0.3651964609727507, -0.9309304726417424, 1.7100915353241638e-16, 0.3430697948477497], [0.0, 0.0, 0.0, 1.0]], [[0.197486686207256, 0.041470124526657035, -0.9794280154981377, -0.2227708606757265], [0.9585226820852413, 0.20127966978991182, 0.20179386129756188, -0.01887301014145313], [0.20550736409917866, -0.9786555692893224, 1.797761115596849e-16, 0.2947903940813416], [0.0, 0.0, 0.0, 1.0]]], [[[-0.018272740814856858, -0.002435136881226294, -0.9998300740883337, -0.1706789131858085], [0.991068192572425, 0.13207579158464183, -0.018434287307006043, -0.01979487695737683], [0.13209823849824817, -0.9912366293603461, 1.8208721480156386e-16, 0.3192177185977227], [0.0, 0.0, 0.0, 1.0]], [[0.1867632571602817, 0.048049207806640105, -0.9812292083932463, -0.03269156118189354], [0.9502836383434099, 0.24448264989738652, 0.192845120747099, -0.0263379707676867], [0.24915957230596972, -0.9684624450789542, 1.7790366501905407e-16, 0.31079851449580204], [0.0, 0.0, 0.0, 1.0]]], [[[-0.24829680037287158, -0.9686773073695256, 0.003601820639609761, 0.38171527533867], [-0.9685754054148208, 0.24832292320147478, 0.014050261143126092, -0.027243628934650814], [-0.014504583762037358, 0.0, -0.9998948029917397, -0.07867980906242988], [0.0, 0.0, 0.0, 1.0]], [[0.16675885260745762, -0.9855950519586815, -0.028175851923378188, 0.41454956817878125], [0.9718208753967743, 0.16912242179724102, -0.16420046464149668, -0.030402590098497106], [0.16660033379345773, 1.2075317566114687e-16, 0.9860245071903175, -0.11302621412430357], [0.0, 0.0, 0.0, 1.0]]], [[[-0.011638038919545367, -0.0014613607451346136, -0.9999312078712614, -0.20394367343093786], [0.9921401501307194, 0.12458066853839425, -0.011729429871919312, -0.01664443903811041], [0.12458923929738344, -0.9922084062591384, 1.8226572732185256e-16, 0.30938975053626716], [0.0, 0.0, 0.0, 1.0]], [[0.1867632571602817, 0.048049207806640105, -0.9812292083932463, -0.03269156118189354], [0.9502836383434099, 0.24448264989738652, 0.192845120747099, -0.0263379707676867], [0.24915957230596972, -0.9684624450789542, 1.7790366501905407e-16, 0.31079851449580204], [0.0, 0.0, 0.0, 1.0]]], [[[-0.018272740814856858, -0.002435136881226294, -0.9998300740883337, -0.1706789131858085], [0.991068192572425, 0.13207579158464183, -0.018434287307006043, -0.01979487695737683], [0.13209823849824817, -0.9912366293603461, 1.8208721480156386e-16, 0.3192177185977227], [0.0, 0.0, 0.0, 1.0]], [[-0.19455775387609317, -0.060643414165549116, -0.9790146356030819, 0.023022124688118067], [0.9346628208977522, 0.2913332592693316, -0.20378994890564345, -0.029698216627300746], [0.29757804293688395, -0.9546974957345673, 1.7537508484579976e-16, 0.30936114248358465], [0.0, 0.0, 0.0, 1.0]]], [[[-0.004395438818971086, -0.0017242949374677954, -0.9999888534001553, -0.09235384952513839], [0.9309200959322808, 0.3651923902739356, -0.0047215543460490846, -0.045934494589142616], [0.3651964609727507, -0.9309304726417424, 1.7100915353241638e-16, 0.3430697948477497], [0.0, 0.0, 0.0, 1.0]], [[0.14964149500429064, 0.05157093651137306, -0.9873944811878487, 0.1737438550726303], [0.9335129171469597, 0.3217164823256566, 0.158278673610121, -0.03458355501185596], [0.3258236585833732, -0.9454305598547921, 1.7367277634133918e-16, 0.3194531957984745], [0.0, 0.0, 0.0, 1.0]]], [[[-0.19455775387609317, -0.060643414165549116, -0.9790146356030819, 0.023022124688118067], [0.9346628208977522, 0.2913332592693316, -0.20378994890564345, -0.029698216627300746], [0.29757804293688395, -0.9546974957345673, 1.7537508484579976e-16, 0.30936114248358465], [0.0, 0.0, 0.0, 1.0]], [[-0.011638038919545367, -0.0014613607451346136, -0.9999312078712614, -0.20394367343093786], [0.9921401501307194, 0.12458066853839425, -0.011729429871919312, -0.01664443903811041], [0.12458923929738344, -0.9922084062591384, 1.8226572732185256e-16, 0.30938975053626716], [0.0, 0.0, 0.0, 1.0]]], [[[-0.004395438818971086, -0.0017242949374677954, -0.9999888534001553, -0.09235384952513839], [0.9309200959322808, 0.3651923902739356, -0.0047215543460490846, -0.045934494589142616], [0.3651964609727507, -0.9309304726417424, 1.7100915353241638e-16, 0.3430697948477497], [0.0, 0.0, 0.0, 1.0]], [[-0.007257994346663961, -0.0027341490320382973, -0.9999699225212398, 0.27481526089634417], [0.9357743058743195, 0.35251424710580126, -0.007755904387342715, -0.03219924763095176], [0.35252485016449453, -0.9358024524527069, 1.7190412170456758e-16, 0.3001370871727442], [0.0, 0.0, 0.0, 1.0]]], [[[-0.004395438818971086, -0.0017242949374677954, -0.9999888534001553, -0.09235384952513839], [0.9309200959322808, 0.3651923902739356, -0.0047215543460490846, -0.045934494589142616], [0.3651964609727507, -0.9309304726417424, 1.7100915353241638e-16, 0.3430697948477497], [0.0, 0.0, 0.0, 1.0]], [[0.04552279005336983, -0.00883109453447938, 0.9989242650747252, 0.2701902555881918], [-0.9806423170173271, 0.19023757102625183, 0.04637146369180186, -0.01831095041524241], [-0.19044243660656393, -0.9816983642338184, 1.8033506392307072e-16, 0.2963473432889701], [0.0, 0.0, 0.0, 1.0]]], [[[0.11809451338030028, 0.03760220201981177, -0.9922901593348245, -0.09142859354363637], [0.9455171466599676, 0.3010599370303605, 0.12393643405903149, -0.02857323273900511], [0.3033990957162914, -0.9528635729833188, 1.7503819870171975e-16, 0.3019836524114057], [0.0, 0.0, 0.0, 1.0]], [[-0.007257994346663961, -0.0027341490320382973, -0.9999699225212398, 0.27481526089634417], [0.9357743058743195, 0.35251424710580126, -0.007755904387342715, -0.03219924763095176], [0.35252485016449453, -0.9358024524527069, 1.7190412170456758e-16, 0.3001370871727442], [0.0, 0.0, 0.0, 1.0]]], [[[-0.018272740814856858, -0.002435136881226294, -0.9998300740883337, -0.1706789131858085], [0.991068192572425, 0.13207579158464183, -0.018434287307006043, -0.01979487695737683], [0.13209823849824817, -0.9912366293603461, 1.8208721480156386e-16, 0.3192177185977227], [0.0, 0.0, 0.0, 1.0]], [[0.02272819037357619, -0.0036970938422046526, 0.9997348452762184, 0.061336665874654986], [-0.9867651354518359, 0.16051270453202293, 0.02302692208124197, -0.028687482768262995], [-0.1605552765220208, -0.9870268502836878, 1.8131389093086178e-16, 0.33725608118789985], [0.0, 0.0, 0.0, 1.0]]], [[[0.11809451338030028, 0.03760220201981177, -0.9922901593348245, -0.09142859354363637], [0.9455171466599676, 0.3010599370303605, 0.12393643405903149, -0.02857323273900511], [0.3033990957162914, -0.9528635729833188, 1.7503819870171975e-16, 0.3019836524114057], [0.0, 0.0, 0.0, 1.0]], [[0.04552279005336983, -0.00883109453447938, 0.9989242650747252, 0.2701902555881918], [-0.9806423170173271, 0.19023757102625183, 0.04637146369180186, -0.01831095041524241], [-0.19044243660656393, -0.9816983642338184, 1.8033506392307072e-16, 0.2963473432889701], [0.0, 0.0, 0.0, 1.0]]], [[[0.197486686207256, 0.041470124526657035, -0.9794280154981377, -0.2227708606757265], [0.9585226820852413, 0.20127966978991182, 0.20179386129756188, -0.01887301014145313], [0.20550736409917866, -0.9786555692893224, 1.797761115596849e-16, 0.2947903940813416], [0.0, 0.0, 0.0, 1.0]], [[-0.007257994346663961, -0.0027341490320382973, -0.9999699225212398, 0.27481526089634417], [0.9357743058743195, 0.35251424710580126, -0.007755904387342715, -0.03219924763095176], [0.35252485016449453, -0.9358024524527069, 1.7190412170456758e-16, 0.3001370871727442], [0.0, 0.0, 0.0, 1.0]]], [[[0.197486686207256, 0.041470124526657035, -0.9794280154981377, -0.2227708606757265], [0.9585226820852413, 0.20127966978991182, 0.20179386129756188, -0.01887301014145313], [0.20550736409917866, -0.9786555692893224, 1.797761115596849e-16, 0.2947903940813416], [0.0, 0.0, 0.0, 1.0]], [[0.04552279005336983, -0.00883109453447938, 0.9989242650747252, 0.2701902555881918], [-0.9806423170173271, 0.19023757102625183, 0.04637146369180186, -0.01831095041524241], [-0.19044243660656393, -0.9816983642338184, 1.8033506392307072e-16, 0.2963473432889701], [0.0, 0.0, 0.0, 1.0]]], [[[-0.011638038919545367, -0.0014613607451346136, -0.9999312078712614, -0.20394367343093786], [0.9921401501307194, 0.12458066853839425, -0.011729429871919312, -0.01664443903811041], [0.12458923929738344, -0.9922084062591384, 1.8226572732185256e-16, 0.30938975053626716], [0.0, 0.0, 0.0, 1.0]], [[0.02272819037357619, -0.0036970938422046526, 0.9997348452762184, 0.061336665874654986], [-0.9867651354518359, 0.16051270453202293, 0.02302692208124197, -0.028687482768262995], [-0.1605552765220208, -0.9870268502836878, 1.8131389093086178e-16, 0.33725608118789985], [0.0, 0.0, 0.0, 1.0]]], [[[-0.17519292333079814, -0.03304652163829564, -0.9839793529451819, 0.1533053964832075], [0.9669275726745418, 0.18239088854473406, -0.1782824528033571, -0.01895869550365828], [0.18536048342763875, -0.9826705913903561, 1.8051365915436542e-16, 0.3010434805310458], [0.0, 0.0, 0.0, 1.0]], [[0.02272819037357619, -0.0036970938422046526, 0.9997348452762184, 0.061336665874654986], [-0.9867651354518359, 0.16051270453202293, 0.02302692208124197, -0.028687482768262995], [-0.1605552765220208, -0.9870268502836878, 1.8131389093086178e-16, 0.33725608118789985], [0.0, 0.0, 0.0, 1.0]]], [[[-0.011638038919545367, -0.0014613607451346136, -0.9999312078712614, -0.20394367343093786], [0.9921401501307194, 0.12458066853839425, -0.011729429871919312, -0.01664443903811041], [0.12458923929738344, -0.9922084062591384, 1.8226572732185256e-16, 0.30938975053626716], [0.0, 0.0, 0.0, 1.0]], [[-0.17519292333079814, -0.03304652163829564, -0.9839793529451819, 0.1533053964832075], [0.9669275726745418, 0.18239088854473406, -0.1782824528033571, -0.01895869550365828], [0.18536048342763875, -0.9826705913903561, 1.8051365915436542e-16, 0.3010434805310458], [0.0, 0.0, 0.0, 1.0]]], [[[0.08593635255692456, 0.031817594690498975, -0.995792440208964, -0.27413890948295355], [0.9338409341073145, 0.34575091288802307, 0.09163741606285558, -0.031806508357090105], [0.347211827412014, -0.9377867278359242, 1.722686271790702e-16, 0.30057246519462305], [0.0, 0.0, 0.0, 1.0]], [[0.02272819037357619, -0.0036970938422046526, 0.9997348452762184, 0.061336665874654986], [-0.9867651354518359, 0.16051270453202293, 0.02302692208124197, -0.028687482768262995], [-0.1605552765220208, -0.9870268502836878, 1.8131389093086178e-16, 0.33725608118789985], [0.0, 0.0, 0.0, 1.0]]], [[[-0.018272740814856858, -0.002435136881226294, -0.9998300740883337, -0.1706789131858085], [0.991068192572425, 0.13207579158464183, -0.018434287307006043, -0.01979487695737683], [0.13209823849824817, -0.9912366293603461, 1.8208721480156386e-16, 0.3192177185977227], [0.0, 0.0, 0.0, 1.0]], [[-0.17519292333079814, -0.03304652163829564, -0.9839793529451819, 0.1533053964832075], [0.9669275726745418, 0.18239088854473406, -0.1782824528033571, -0.01895869550365828], [0.18536048342763875, -0.9826705913903561, 1.8051365915436542e-16, 0.3010434805310458], [0.0, 0.0, 0.0, 1.0]]], [[[0.08593635255692456, 0.031817594690498975, -0.995792440208964, -0.27413890948295355], [0.9338409341073145, 0.34575091288802307, 0.09163741606285558, -0.031806508357090105], [0.347211827412014, -0.9377867278359242, 1.722686271790702e-16, 0.30057246519462305], [0.0, 0.0, 0.0, 1.0]], [[-0.17519292333079814, -0.03304652163829564, -0.9839793529451819, 0.1533053964832075], [0.9669275726745418, 0.18239088854473406, -0.1782824528033571, -0.01895869550365828], [0.18536048342763875, -0.9826705913903561, 1.8051365915436542e-16, 0.3010434805310458], [0.0, 0.0, 0.0, 1.0]]], [[[0.197486686207256, 0.041470124526657035, -0.9794280154981377, -0.2227708606757265], [0.9585226820852413, 0.20127966978991182, 0.20179386129756188, -0.01887301014145313], [0.20550736409917866, -0.9786555692893224, 1.797761115596849e-16, 0.2947903940813416], [0.0, 0.0, 0.0, 1.0]], [[0.14964149500429064, 0.05157093651137306, -0.9873944811878487, 0.1737438550726303], [0.9335129171469597, 0.3217164823256566, 0.158278673610121, -0.03458355501185596], [0.3258236585833732, -0.9454305598547921, 1.7367277634133918e-16, 0.3194531957984745], [0.0, 0.0, 0.0, 1.0]]], [[[0.08593635255692456, 0.031817594690498975, -0.995792440208964, -0.27413890948295355], [0.9338409341073145, 0.34575091288802307, 0.09163741606285558, -0.031806508357090105], [0.347211827412014, -0.9377867278359242, 1.722686271790702e-16, 0.30057246519462305], [0.0, 0.0, 0.0, 1.0]], [[0.1867632571602817, 0.048049207806640105, -0.9812292083932463, -0.03269156118189354], [0.9502836383434099, 0.24448264989738652, 0.192845120747099, -0.0263379707676867], [0.24915957230596972, -0.9684624450789542, 1.7790366501905407e-16, 0.31079851449580204], [0.0, 0.0, 0.0, 1.0]]], [[[-0.19455775387609317, -0.060643414165549116, -0.9790146356030819, 0.023022124688118067], [0.9346628208977522, 0.2913332592693316, -0.20378994890564345, -0.029698216627300746], [0.29757804293688395, -0.9546974957345673, 1.7537508484579976e-16, 0.30936114248358465], [0.0, 0.0, 0.0, 1.0]], [[0.08593635255692456, 0.031817594690498975, -0.995792440208964, -0.27413890948295355], [0.9338409341073145, 0.34575091288802307, 0.09163741606285558, -0.031806508357090105], [0.347211827412014, -0.9377867278359242, 1.722686271790702e-16, 0.30057246519462305], [0.0, 0.0, 0.0, 1.0]]], [[[0.197486686207256, 0.041470124526657035, -0.9794280154981377, -0.2227708606757265], [0.9585226820852413, 0.20127966978991182, 0.20179386129756188, -0.01887301014145313], [0.20550736409917866, -0.9786555692893224, 1.797761115596849e-16, 0.2947903940813416], [0.0, 0.0, 0.0, 1.0]], [[-0.04678693524057642, 0.01164249999599748, 0.9988370412057401, -0.07705382641749159], [-0.9692780530356233, 0.24119595931132165, -0.04821374405045405, -0.02497861570701846], [-0.241476786864215, -0.9704065959203568, 1.782607997348016e-16, 0.30672853497980956], [0.0, 0.0, 0.0, 1.0]]], [[[0.1867632571602817, 0.048049207806640105, -0.9812292083932463, -0.03269156118189354], [0.9502836383434099, 0.24448264989738652, 0.192845120747099, -0.0263379707676867], [0.24915957230596972, -0.9684624450789542, 1.7790366501905407e-16, 0.31079851449580204], [0.0, 0.0, 0.0, 1.0]], [[-0.17519292333079814, -0.03304652163829564, -0.9839793529451819, 0.1533053964832075], [0.9669275726745418, 0.18239088854473406, -0.1782824528033571, -0.01895869550365828], [0.18536048342763875, -0.9826705913903561, 1.8051365915436542e-16, 0.3010434805310458], [0.0, 0.0, 0.0, 1.0]]], [[[0.14964149500429064, 0.05157093651137306, -0.9873944811878487, 0.1737438550726303], [0.9335129171469597, 0.3217164823256566, 0.158278673610121, -0.03458355501185596], [0.3258236585833732, -0.9454305598547921, 1.7367277634133918e-16, 0.3194531957984745], [0.0, 0.0, 0.0, 1.0]], [[-0.04678693524057642, 0.01164249999599748, 0.9988370412057401, -0.07705382641749159], [-0.9692780530356233, 0.24119595931132165, -0.04821374405045405, -0.02497861570701846], [-0.241476786864215, -0.9704065959203568, 1.782607997348016e-16, 0.30672853497980956], [0.0, 0.0, 0.0, 1.0]]], [[[0.1867632571602817, 0.048049207806640105, -0.9812292083932463, -0.03269156118189354], [0.9502836383434099, 0.24448264989738652, 0.192845120747099, -0.0263379707676867], [0.24915957230596972, -0.9684624450789542, 1.7790366501905407e-16, 0.31079851449580204], [0.0, 0.0, 0.0, 1.0]], [[0.02272819037357619, -0.0036970938422046526, 0.9997348452762184, 0.061336665874654986], [-0.9867651354518359, 0.16051270453202293, 0.02302692208124197, -0.028687482768262995], [-0.1605552765220208, -0.9870268502836878, 1.8131389093086178e-16, 0.33725608118789985], [0.0, 0.0, 0.0, 1.0]]], [[[-0.19455775387609317, -0.060643414165549116, -0.9790146356030819, 0.023022124688118067], [0.9346628208977522, 0.2913332592693316, -0.20378994890564345, -0.029698216627300746], [0.29757804293688395, -0.9546974957345673, 1.7537508484579976e-16, 0.30936114248358465], [0.0, 0.0, 0.0, 1.0]], [[-0.17519292333079814, -0.03304652163829564, -0.9839793529451819, 0.1533053964832075], [0.9669275726745418, 0.18239088854473406, -0.1782824528033571, -0.01895869550365828], [0.18536048342763875, -0.9826705913903561, 1.8051365915436542e-16, 0.3010434805310458], [0.0, 0.0, 0.0, 1.0]]], [[[-0.3234579564486024, 0.9460496302663081, -0.019106215823019097, -0.4024886855591126], [0.944403504752365, 0.3240217540119517, 0.05578461381481436, -0.03749096515330036], [0.058965842837559464, 0.0, -0.998260000890778, -0.042827213756509774], [0.0, 0.0, 0.0, 1.0]], [[0.3134220849674709, -0.9486709206999291, 0.04230934734774687, 0.40150611988200585], [0.9401436011603312, 0.3162648956465906, 0.12691148481888967, -0.03664151416518995], [-0.13377819647434164, 1.2136388148699702e-16, 0.9910112986984924, 0.02389602428218099], [0.0, 0.0, 0.0, 1.0]]], [[[-0.09557517049123304, 0.9935291299967504, 0.061361670719367586, -0.39629050431382506], [0.8360515489413284, 0.11357758514733597, -0.5367661871475378, -0.025921238883896698], [-0.5402621533092778, 0.0, -0.8414967651165527, -0.16426188166175543], [0.0, 0.0, 0.0, 1.0]], [[0.5671599409054101, -0.8230185656204447, 0.03114549849075162, 0.40290964823020003], [0.8217804015138463, 0.5680144722135746, 0.04512794083132766, -0.05754547285777521], [-0.05483222701945656, 1.222804418217803e-16, 0.9984955818029876, 0.20673472972444726], [0.0, 0.0, 0.0, 1.0]]], [[[-0.27713650642276283, 0.9594066284155622, -0.05229032568333375, -0.4163297283425317], [0.9427718445198681, 0.28202645505747004, 0.17788290482315205, -0.03919301545328514], [0.18540929315541788, 0.0, -0.9826613831893508, -0.03216265329225561], [0.0, 0.0, 0.0, 1.0]], [[0.16838109780764782, -0.985293374413356, -0.02906496582199553, 0.4253318660531519], [0.9709347268561649, 0.17087119809125945, -0.1675971057256129, -0.03287354888683658], [0.17009868337478698, 1.2068000620966056e-16, 0.9854270332775351, 0.0028699311059228795], [0.0, 0.0, 0.0, 1.0]]], [[[-0.16758327065200113, -0.6749332794498549, -0.7185964901727827, 0.11671889197003742], [0.15328741275065874, -0.7378787625965827, 0.6572959004901409, 0.056364008653814524], [-0.9738679666616966, 2.781355507135288e-17, 0.2271149125667724, -0.2729316820068025], [0.0, 0.0, 0.0, 1.0]], [[0.2185045346361229, -0.7472750592356631, 0.6275633467529694, 0.16865842720671245], [-0.24571759241845562, -0.6645148499802968, -0.7057215307270578, 0.029239925575612304], [0.9443932618986273, 0.0, -0.3288181364834837, -0.27294169968968396], [0.0, 0.0, 0.0, 1.0]]], [[[0.15326117051755833, 0.9879417811868577, 0.02195565068328989, -0.3866792535053847], [-0.9779577208808722, 0.1548258279013509, -0.1400987479749606, -0.021210211497806], [-0.1418087084105845, 1.2122706169379817e-16, 0.9898940803029999, 0.10257639615264816], [0.0, 0.0, 0.0, 1.0]], [[0.16675885260745762, -0.9855950519586815, -0.028175851923378188, 0.41454956817878125], [0.9718208753967743, 0.16912242179724102, -0.16420046464149668, -0.030402590098497106], [0.16660033379345773, 1.2075317566114687e-16, 0.9860245071903175, -0.11302621412430357], [0.0, 0.0, 0.0, 1.0]]], [[[0.29500797198409007, 0.9538641295451584, 0.05579891426265914, -0.38512908819013014], [-0.9372462898477105, 0.3002386090546272, -0.17727427844908653, -0.031911637217354474], [-0.18584856370856315, 1.2033114919858106e-16, 0.9825783996035453, -0.029496966681815777], [0.0, 0.0, 0.0, 1.0]], [[0.3134220849674709, -0.9486709206999291, 0.04230934734774687, 0.40150611988200585], [0.9401436011603312, 0.3162648956465906, 0.12691148481888967, -0.03664151416518995], [-0.13377819647434164, 1.2136388148699702e-16, 0.9910112986984924, 0.02389602428218099], [0.0, 0.0, 0.0, 1.0]]], [[[-0.2777293297771887, 0.9041331513287163, -0.3246685449037498, -0.15118185787554816], [0.0953344487207921, -0.3103562580922461, -0.9458278574614314, 0.021858222074249492], [-0.9559172360976741, -0.29363623368273845, 5.3940101053987474e-17, -0.25311231515717186], [0.0, 0.0, 0.0, 1.0]], [[0.06206940190432354, 0.9417412779679386, 0.3305612722606103, -0.07365390235897079], [0.1737932916520725, -0.33633817114819686, 0.9255660572889565, 0.12461378085231999], [0.982824135399603, 0.0, -0.18454462570344, -0.2729391525175934], [0.0, 0.0, 0.0, 1.0]]], [[[-0.9786691407427507, -0.0020376149318362883, 0.20543261932622997, -0.03020991969583713], [0.0019941549942498853, -0.99999792406054, -0.00041859344159989205, 0.1321349507610287], [0.20543304579279612, 1.1985265187033942e-16, 0.9786711724048558, -0.13745053321202166], [0.0, 0.0, 0.0, 1.0]], [[-0.22079817005516406, -0.18422422816485182, 0.9577628108552532, 0.04182169508849515], [0.7354038479143257, 0.6135884470311992, 0.28755938194161657, -0.06160935985431712], [-0.6406476009266672, 0.7678350418070966, -4.701633631111175e-17, -0.22058428775074326], [0.0, 0.0, 0.0, 1.0]]], [[[-0.16758327065200113, -0.6749332794498549, -0.7185964901727827, 0.11671889197003742], [0.15328741275065874, -0.7378787625965827, 0.6572959004901409, 0.056364008653814524], [-0.9738679666616966, 2.781355507135288e-17, 0.2271149125667724, -0.2729316820068025], [0.0, 0.0, 0.0, 1.0]], [[-0.9786691407427507, -0.0020376149318362883, 0.20543261932622997, -0.03020991969583713], [0.0019941549942498853, -0.99999792406054, -0.00041859344159989205, 0.1321349507610287], [0.20543304579279612, 1.1985265187033942e-16, 0.9786711724048558, -0.13745053321202166], [0.0, 0.0, 0.0, 1.0]]], [[[0.11993475377110376, -0.02408828855064008, 0.9924895007971449, 0.08517236239229904], [-0.0028898614925185195, -0.99970983507951, -0.02391431257328876, 0.09352093073142352], [0.9927775700218147, 0.0, -0.11996956473031495, -0.2729484977266675], [0.0, 0.0, 0.0, 1.0]], [[-0.9786691407427507, -0.0020376149318362883, 0.20543261932622997, -0.03020991969583713], [0.0019941549942498853, -0.99999792406054, -0.00041859344159989205, 0.1321349507610287], [0.20543304579279612, 1.1985265187033942e-16, 0.9786711724048558, -0.13745053321202166], [0.0, 0.0, 0.0, 1.0]]], [[[0.6105827943918755, 0.7833626721904026, -0.11632529824299097, -0.4005984172115161], [-0.7695218473325564, 0.6215648991205279, 0.1466056024140204, -0.06127678518210547], [0.18714907873270073, 1.2030091561226669e-16, 0.9823315236362424, 0.1495979001498796], [0.0, 0.0, 0.0, 1.0]], [[-0.22079817005516406, -0.18422422816485182, 0.9577628108552532, 0.04182169508849515], [0.7354038479143257, 0.6135884470311992, 0.28755938194161657, -0.06160935985431712], [-0.6406476009266672, 0.7678350418070966, -4.701633631111175e-17, -0.22058428775074326], [0.0, 0.0, 0.0, 1.0]]], [[[0.06206940190432354, 0.9417412779679386, 0.3305612722606103, -0.07365390235897079], [0.1737932916520725, -0.33633817114819686, 0.9255660572889565, 0.12461378085231999], [0.982824135399603, 0.0, -0.18454462570344, -0.2729391525175934], [0.0, 0.0, 0.0, 1.0]], [[0.07227711701159918, 0.3042003312578576, 0.9498621883300237, -0.04319069158025121], [0.21957190752618527, 0.924135463146185, -0.31266887146132516, -0.05568777614100703], [-0.9729153076099708, 0.2311618571871148, -1.4154581424457887e-17, -0.28781709913959913], [0.0, 0.0, 0.0, 1.0]]], [[[-0.16573962194329758, 0.9854858944389384, -0.03671416048309295, -0.3845243087574012], [0.9621620308453696, 0.1697573322772407, 0.2131353432390525, -0.021869954307685884], [0.21627437230889615, 0.0, -0.9763326256365671, 0.18020322414058124], [0.0, 0.0, 0.0, 1.0]], [[0.006193187803142963, -0.9999758737594668, 0.003145842307873622, 0.3906622282559944], [-0.8915517705002222, -0.00694635868574366, -0.4528655303938778, -0.019629145105318373], [0.45287645660020154, 0.0, -0.8915732808116481, -0.16837219895675132], [0.0, 0.0, 0.0, 1.0]]], [[[-0.07322302737417083, -0.020984441121039553, 0.9970948006548821, -0.05323086057585692], [0.9585103857884624, 0.27469234031667517, 0.07617058820175243, -0.028631547524048517], [-0.2754927015327529, 0.9613031631083846, -5.886284208554546e-17, -0.19753850681328344], [0.0, 0.0, 0.0, 1.0]], [[-0.9786691407427507, -0.0020376149318362883, 0.20543261932622997, -0.03020991969583713], [0.0019941549942498853, -0.99999792406054, -0.00041859344159989205, 0.1321349507610287], [0.20543304579279612, 1.1985265187033942e-16, 0.9786711724048558, -0.13745053321202166], [0.0, 0.0, 0.0, 1.0]]], [[[0.07227711701159918, 0.3042003312578576, 0.9498621883300237, -0.04319069158025121], [0.21957190752618527, 0.924135463146185, -0.31266887146132516, -0.05568777614100703], [-0.9729153076099708, 0.2311618571871148, -1.4154581424457887e-17, -0.28781709913959913], [0.0, 0.0, 0.0, 1.0]], [[0.11245004719429298, -0.5825263176284233, -0.804995699464457, 0.031865231196650703], [-0.08059074509641771, -0.8128118412463423, 0.5769246419893459, 0.1476328688075615], [-0.9903838239242427, 0.0, -0.1383469598841785, -0.2729349855782388], [0.0, 0.0, 0.0, 1.0]]], [[[-0.9786691407427507, -0.0020376149318362883, 0.20543261932622997, -0.03020991969583713], [0.0019941549942498853, -0.99999792406054, -0.00041859344159989205, 0.1321349507610287], [0.20543304579279612, 1.1985265187033942e-16, 0.9786711724048558, -0.13745053321202166], [0.0, 0.0, 0.0, 1.0]], [[-0.2649295556302686, 0.46506915995703035, 0.8447029105019177, 0.0708818466209751], [0.13917783312257445, 0.8852743509539076, -0.4437553991901876, -0.06798137414506886], [-0.9541707715712389, 0.0, -0.29926265834404864, -0.2729474732737431], [0.0, 0.0, 0.0, 1.0]]], [[[-0.22079817005516406, -0.18422422816485182, 0.9577628108552532, 0.04182169508849515], [0.7354038479143257, 0.6135884470311992, 0.28755938194161657, -0.06160935985431712], [-0.6406476009266672, 0.7678350418070966, -4.701633631111175e-17, -0.22058428775074326], [0.0, 0.0, 0.0, 1.0]], [[-0.2649295556302686, 0.46506915995703035, 0.8447029105019177, 0.0708818466209751], [0.13917783312257445, 0.8852743509539076, -0.4437553991901876, -0.06798137414506886], [-0.9541707715712389, 0.0, -0.29926265834404864, -0.2729474732737431], [0.0, 0.0, 0.0, 1.0]]], [[[-0.14775508381976152, 0.9888761641126763, 0.017098750106794288, -0.38947898622038934], [0.9823204457374376, 0.14874115788778622, -0.11367765759551335, -0.03039460632436601], [-0.11495641387768396, 0.0, -0.9933705365614499, -0.17437426574252274], [0.0, 0.0, 0.0, 1.0]], [[0.5671599409054101, -0.8230185656204447, 0.03114549849075162, 0.40290964823020003], [0.8217804015138463, 0.5680144722135746, 0.04512794083132766, -0.05754547285777521], [-0.05483222701945656, 1.222804418217803e-16, 0.9984955818029876, 0.20673472972444726], [0.0, 0.0, 0.0, 1.0]]], [[[0.22452469687425342, -0.9369284397045482, 0.2678689219867165, 0.052153180292230365], [0.062424467896156854, -0.26049365668708196, -0.9634553651486271, 0.07907693422517231], [0.9724668869948254, 0.23304109873280657, -1.4269651781645695e-17, -0.28866512911721803], [0.0, 0.0, 0.0, 1.0]], [[-0.22079817005516406, -0.18422422816485182, 0.9577628108552532, 0.04182169508849515], [0.7354038479143257, 0.6135884470311992, 0.28755938194161657, -0.06160935985431712], [-0.6406476009266672, 0.7678350418070966, -4.701633631111175e-17, -0.22058428775074326], [0.0, 0.0, 0.0, 1.0]]], [[[-0.22079817005516406, -0.18422422816485182, 0.9577628108552532, 0.04182169508849515], [0.7354038479143257, 0.6135884470311992, 0.28755938194161657, -0.06160935985431712], [-0.6406476009266672, 0.7678350418070966, -4.701633631111175e-17, -0.22058428775074326], [0.0, 0.0, 0.0, 1.0]], [[0.2185045346361229, -0.7472750592356631, 0.6275633467529694, 0.16865842720671245], [-0.24571759241845562, -0.6645148499802968, -0.7057215307270578, 0.029239925575612304], [0.9443932618986273, 0.0, -0.3288181364834837, -0.27294169968968396], [0.0, 0.0, 0.0, 1.0]]], [[[-0.09557517049123304, 0.9935291299967504, 0.061361670719367586, -0.39629050431382506], [0.8360515489413284, 0.11357758514733597, -0.5367661871475378, -0.025921238883896698], [-0.5402621533092778, 0.0, -0.8414967651165527, -0.16426188166175543], [0.0, 0.0, 0.0, 1.0]], [[0.1365379961981368, -0.9904327476312371, 0.02000869845431632, 0.38919509741762726], [0.9799663138354551, 0.1379962768325225, 0.14360728159850478, -0.02055275684275046], [-0.1449944803844202, 1.211705299911643e-16, 0.989432463919621, 0.15957307322878822], [0.0, 0.0, 0.0, 1.0]]], [[[-0.9786691407427507, -0.0020376149318362883, 0.20543261932622997, -0.03020991969583713], [0.0019941549942498853, -0.99999792406054, -0.00041859344159989205, 0.1321349507610287], [0.20543304579279612, 1.1985265187033942e-16, 0.9786711724048558, -0.13745053321202166], [0.0, 0.0, 0.0, 1.0]], [[0.2185045346361229, -0.7472750592356631, 0.6275633467529694, 0.16865842720671245], [-0.24571759241845562, -0.6645148499802968, -0.7057215307270578, 0.029239925575612304], [0.9443932618986273, 0.0, -0.3288181364834837, -0.27294169968968396], [0.0, 0.0, 0.0, 1.0]]], [[[0.6105827943918755, 0.7833626721904026, -0.11632529824299097, -0.4005984172115161], [-0.7695218473325564, 0.6215648991205279, 0.1466056024140204, -0.06127678518210547], [0.18714907873270073, 1.2030091561226669e-16, 0.9823315236362424, 0.1495979001498796], [0.0, 0.0, 0.0, 1.0]], [[0.006193187803142963, -0.9999758737594668, 0.003145842307873622, 0.3906622282559944], [-0.8915517705002222, -0.00694635868574366, -0.4528655303938778, -0.019629145105318373], [0.45287645660020154, 0.0, -0.8915732808116481, -0.16837219895675132], [0.0, 0.0, 0.0, 1.0]]], [[[0.006193187803142963, -0.9999758737594668, 0.003145842307873622, 0.3906622282559944], [-0.8915517705002222, -0.00694635868574366, -0.4528655303938778, -0.019629145105318373], [0.45287645660020154, 0.0, -0.8915732808116481, -0.16837219895675132], [0.0, 0.0, 0.0, 1.0]], [[-0.2480205159840234, -0.054642338875908636, 0.9672125094585932, 0.23557735611631075], [0.9445605076839637, 0.20809970153030502, 0.2539684262793524, -0.02613083691986782], [-0.21515406334724813, 0.9765801191019448, -5.979828584845688e-17, -0.20922481710988025], [0.0, 0.0, 0.0, 1.0]]], [[[0.07024285031793623, 0.39777190023182035, 0.9147914829977261, 0.11476953937007674], [0.15908234774279462, 0.9008530757020368, -0.40392640744920505, -0.10325262060107526], [-0.9847632957294117, 0.17390011898830726, -1.0648311204518718e-17, -0.2846706682009978], [0.0, 0.0, 0.0, 1.0]], [[-0.22079817005516406, -0.18422422816485182, 0.9577628108552532, 0.04182169508849515], [0.7354038479143257, 0.6135884470311992, 0.28755938194161657, -0.06160935985431712], [-0.6406476009266672, 0.7678350418070966, -4.701633631111175e-17, -0.22058428775074326], [0.0, 0.0, 0.0, 1.0]]], [[[0.08703248546425678, 0.007255515366204766, 0.9961790521641601, -0.28352979822936264], [0.9927353574349804, 0.08275997866799208, -0.08733439201892515, -0.012153333027308175], [-0.08307741312989793, 0.9965430966233444, -6.102066567460851e-17, -0.1884981014038922], [0.0, 0.0, 0.0, 1.0]], [[-0.11730331166222835, -0.9930928906379709, 0.002538432073823432, 0.40376375027718175], [-0.9928604468594725, 0.11733077415716345, 0.021485401967132094, -0.022516831004057054], [-0.021634836146425033, 0.0, -0.9997659395403093, 0.11135646012292041], [0.0, 0.0, 0.0, 1.0]]], [[[0.028829022808686235, -0.13364821064411783, -0.9906094302173393, 0.016937857350231143], [-0.20887832633642792, 0.968337176825518, -0.13672218826685828, -0.09831836276548123], [0.9775166148106073, 0.21085840692087907, -1.2911353655448233e-17, -0.28716825734480145], [0.0, 0.0, 0.0, 1.0]], [[-0.16758327065200113, -0.6749332794498549, -0.7185964901727827, 0.11671889197003742], [0.15328741275065874, -0.7378787625965827, 0.6572959004901409, 0.056364008653814524], [-0.9738679666616966, 2.781355507135288e-17, 0.2271149125667724, -0.2729316820068025], [0.0, 0.0, 0.0, 1.0]]], [[[-0.9786691407427507, -0.0020376149318362883, 0.20543261932622997, -0.03020991969583713], [0.0019941549942498853, -0.99999792406054, -0.00041859344159989205, 0.1321349507610287], [0.20543304579279612, 1.1985265187033942e-16, 0.9786711724048558, -0.13745053321202166], [0.0, 0.0, 0.0, 1.0]], [[0.07024285031793623, 0.39777190023182035, 0.9147914829977261, 0.11476953937007674], [0.15908234774279462, 0.9008530757020368, -0.40392640744920505, -0.10325262060107526], [-0.9847632957294117, 0.17390011898830726, -1.0648311204518718e-17, -0.2846706682009978], [0.0, 0.0, 0.0, 1.0]]], [[[-0.9786691407427507, -0.0020376149318362883, 0.20543261932622997, -0.03020991969583713], [0.0019941549942498853, -0.99999792406054, -0.00041859344159989205, 0.1321349507610287], [0.20543304579279612, 1.1985265187033942e-16, 0.9786711724048558, -0.13745053321202166], [0.0, 0.0, 0.0, 1.0]], [[-0.22811540095404476, -0.027636173853600135, 0.9732418022990531, 0.15446642744770914], [-0.006306645715370606, 0.999618048003703, 0.026906956815797835, -0.12804151568811178], [-0.9736136759862181, 0.0, -0.22820256337868733, -0.27293489003523397], [0.0, 0.0, 0.0, 1.0]]], [[[-0.22079817005516406, -0.18422422816485182, 0.9577628108552532, 0.04182169508849515], [0.7354038479143257, 0.6135884470311992, 0.28755938194161657, -0.06160935985431712], [-0.6406476009266672, 0.7678350418070966, -4.701633631111175e-17, -0.22058428775074326], [0.0, 0.0, 0.0, 1.0]], [[-0.22811540095404476, -0.027636173853600135, 0.9732418022990531, 0.15446642744770914], [-0.006306645715370606, 0.999618048003703, 0.026906956815797835, -0.12804151568811178], [-0.9736136759862181, 0.0, -0.22820256337868733, -0.27293489003523397], [0.0, 0.0, 0.0, 1.0]]], [[[0.21959608459488728, -0.7174257025804229, -0.6611186889716413, 0.2049783927582403], [0.22614980455756098, 0.6966350273112791, -0.6808493993693396, -0.12164991101701166], [0.9490172946417638, 3.86038070957139e-17, 0.31522400681234275, -0.2729352051077297], [0.0, 0.0, 0.0, 1.0]], [[-0.9786691407427507, -0.0020376149318362883, 0.20543261932622997, -0.03020991969583713], [0.0019941549942498853, -0.99999792406054, -0.00041859344159989205, 0.1321349507610287], [0.20543304579279612, 1.1985265187033942e-16, 0.9786711724048558, -0.13745053321202166], [0.0, 0.0, 0.0, 1.0]]], [[[0.5477053659770496, 0.834925280214355, -0.054024147739015455, -0.4060982971523879], [-0.8308930578018382, 0.5503633131477612, 0.08195700115139942, -0.05741182390574817], [0.09816088109148907, 1.2187324396376358e-16, 0.995170558961298, 0.08426713067425641], [0.0, 0.0, 0.0, 1.0]], [[0.0770469276774312, 0.9969846778366033, 0.009237050097997943, -0.3735741013595498], [-0.989896031322057, 0.07759866080702835, -0.11867727252425804, -0.012579280964868784], [-0.11903620503153625, 1.2159394554365513e-16, 0.9928899142864177, 0.10713973968257456], [0.0, 0.0, 0.0, 1.0]]]], "object": "meshes/1a4216ac5ffbf1e89c7ce4b816b39bd0.stl", "object_scale": 0.039456989802036165, "metric": [1.2944429952503427, 1.3131002972542516, 1.3811702177218708, 1.3955569129867398, 1.396485706479075, 1.4105516460925442, 1.4155710416888083, 1.4168054760515445, 1.4218437725922537, 1.4248711476384344, 1.4255594848909894, 1.426134364928437, 1.4375937586151628, 1.4381449861335671, 1.443942931611867, 1.4494800781278783, 1.461066718497954, 1.468776565035669, 1.5261543353005087, 1.5288295904784066, 1.528951767409913, 1.5312341983917683, 1.5316662319928938, 1.5344705030812538, 1.535714646300304, 1.5393698925925914, 1.5445576164198704, 1.5538301309911797, 1.5626221938663334, 1.5644380526591937, 1.5673905965497668, 1.5718317889227724, 2.9767028043197907, 2.9690121051722844, 2.964591643168269, 2.9591005960617895, 2.95509628142137, 2.939890998831618, 2.9395832412205896, 2.919834229973758, 2.8536861437241035, 2.849894440448149, 2.8465865709008056, 2.8401648862335165, 2.815733769020591, 2.810504163418217, 2.8090650760223626, 2.8076951317836976, 2.8068906905526285, 2.8061419669485805, 2.796262331495883, 2.7947923076015084, 2.7836207595394598, 2.7806706923400277, 2.7709089208575772, 2.7520615432321787, 2.746735574636029, 2.745501216711755, 2.7426604240622288, 2.7396630231261794, 2.7353246926928043, 2.734379469473228, 2.727675989120253, 2.7272793702287186]}