{"transforms": [[[[0.9332938936577553, -0.3583042754536268, -0.024094693457234594, -0.3181315848582418], [-0.35818492861285867, -0.9336048661996421, 0.009247200816994835, 0.0770111419799095], [-0.025808234649970414, 0.0, -0.999666912038331, 0.0014201163532084806], [0.0, 0.0, 0.0, 1.0]], [[-0.20248276203271437, -0.978667056401643, 0.034806950365501466, 0.4020099611823431], [0.9645200759747327, -0.2054526532175803, -0.1658017802303487, 0.02088519841382926], [0.1694159205071924, 1.2069440940403512e-16, 0.9855446442849258, 0.004158666569213893], [0.0, 0.0, 0.0, 1.0]]], [[[0.22535446717301275, -0.5325141696325311, -0.8158701019560305, -0.27968344928418254], [-0.14177865908956813, -0.8464210885490602, 0.5132934372132456, 0.0735385325854904], [-0.9639056883076952, 0.0, -0.26624391833066996, -0.1654796345839215], [0.0, 0.0, 0.0, 1.0]], [[0.9332938936577553, -0.3583042754536268, -0.024094693457234594, -0.3181315848582418], [-0.35818492861285867, -0.9336048661996421, 0.009247200816994835, 0.0770111419799095], [-0.025808234649970414, 0.0, -0.999666912038331, 0.0014201163532084806], [0.0, 0.0, 0.0, 1.0]]], [[[0.22535446717301275, -0.5325141696325311, -0.8158701019560305, -0.27968344928418254], [-0.14177865908956813, -0.8464210885490602, 0.5132934372132456, 0.0735385325854904], [-0.9639056883076952, 0.0, -0.26624391833066996, -0.1654796345839215], [0.0, 0.0, 0.0, 1.0]], [[-0.048407998992690604, -0.9988011057556013, 0.007281261903797504, 0.3866324156347976], [-0.98769059245327, 0.048952539682717455, 0.1485629241699308, 0.0037181523922679687], [-0.14874124919749834, 0.0, -0.9888761503783816, 0.16701371420406882], [0.0, 0.0, 0.0, 1.0]]], [[[0.22535446717301275, -0.5325141696325311, -0.8158701019560305, -0.27968344928418254], [-0.14177865908956813, -0.8464210885490602, 0.5132934372132456, 0.0735385325854904], [-0.9639056883076952, 0.0, -0.26624391833066996, -0.1654796345839215], [0.0, 0.0, 0.0, 1.0]], [[0.9425107250757707, -0.33385267001962265, -0.014694483247596816, 0.36504901123704986], [-0.3338121021942859, -0.9426252673893104, 0.0052043931310645514, 0.07346809026579826], [-0.015588891743051376, 0.0, -0.9998784858442666, 0.13894339793152294], [0.0, 0.0, 0.0, 1.0]]], [[[0.22535446717301275, -0.5325141696325311, -0.8158701019560305, -0.27968344928418254], [-0.14177865908956813, -0.8464210885490602, 0.5132934372132456, 0.0735385325854904], [-0.9639056883076952, 0.0, -0.26624391833066996, -0.1654796345839215], [0.0, 0.0, 0.0, 1.0]], [[-0.9471873339447533, -0.15021961435649692, -0.28331999907739625, 0.3526537615483274], [0.14391921738799188, -0.9886526525846099, 0.04304870966524544, 0.0740740361053416], [-0.286571829182595, 1.1732835932578312e-16, 0.958058759533538, 0.1360108684105944], [0.0, 0.0, 0.0, 1.0]]], [[[0.9332938936577553, -0.3583042754536268, -0.024094693457234594, -0.3181315848582418], [-0.35818492861285867, -0.9336048661996421, 0.009247200816994835, 0.0770111419799095], [-0.025808234649970414, 0.0, -0.999666912038331, 0.0014201163532084806], [0.0, 0.0, 0.0, 1.0]], [[-0.9961528309946031, -0.07555275796069374, -0.044399527767427796, 0.3475978338571388], [0.07547782401496954, -0.997141805745067, 0.0033641220894105425, 0.0730623182683098], [-0.04452679399421265, 1.2234321827752233e-16, 0.9990081904652218, 0.015938594577258602], [0.0, 0.0, 0.0, 1.0]]], [[[-0.16029013428130984, 0.986594314960567, -0.030638709822201564, -0.4027063037132279], [0.9690502576588437, 0.16319208831156434, 0.18522942650626337, -0.0039919245259207765], [0.18774629419354272, 0.0, -0.9822175568663959, -0.05807465718316762], [0.0, 0.0, 0.0, 1.0]], [[0.24308787652627162, -0.9677888089747417, 0.06552179415430286, 0.40106779528517766], [0.9344396560076791, 0.25176342312427097, 0.2518684340226058, -0.009972848235085013], [-0.2602514429666022, 1.1824465452731065e-16, 0.9655408776607034, 0.046144241777470035], [0.0, 0.0, 0.0, 1.0]]], [[[-0.9388669712163197, -0.1623091367489518, -0.30361909440432855, -0.3315654805335061], [0.15443449556350455, -0.9867399577030466, 0.0499423913347753, 0.07688952636317829], [-0.3076991987950901, 1.165231449430424e-16, 0.9514836851259509, 0.002126564521334153], [0.0, 0.0, 0.0, 1.0]], [[-0.20248276203271437, -0.978667056401643, 0.034806950365501466, 0.4020099611823431], [0.9645200759747327, -0.2054526532175803, -0.1658017802303487, 0.02088519841382926], [0.1694159205071924, 1.2069440940403512e-16, 0.9855446442849258, 0.004158666569213893], [0.0, 0.0, 0.0, 1.0]]], [[[-0.05972156880243116, -0.016758077402565782, -0.9980743965564621, -0.07651671756770691], [0.9609590208834254, 0.2696484030071651, -0.06202821082744451, -0.011174951323157696], [0.270168640671979, -0.9628130169443365, 1.768658819067432e-16, 0.23398070543556676], [0.0, 0.0, 0.0, 1.0]], [[-0.35035743238673384, -0.02235749060530213, -0.9363491935091358, 0.041089427845610926], [-0.9344485206419489, -0.05963031490175359, 0.35107006111998634, 0.011048255482065977], [-0.06368384286024571, 0.9979701238807461, -6.110804589276216e-17, -0.23044290120896663], [0.0, 0.0, 0.0, 1.0]]], [[[-0.975768700897127, -0.03750547393265618, -0.21556618884839046, -0.33998936866297336], [0.03662243430749799, -0.9992964222016842, 0.00809060444627882, 0.08299685926345983], [-0.21571796321800854, 1.195813363995674e-16, 0.9764557134581546, 0.07909438092574167], [0.0, 0.0, 0.0, 1.0]], [[0.03406979316772024, -0.9994093652987343, 0.00449107411315942, 0.41792891210490524], [-0.990837811093579, -0.03436452463196788, -0.13061206511690956, 0.009340662350519318], [0.1306892547258332, 0.0, -0.9914233801455391, -0.08197095910572075], [0.0, 0.0, 0.0, 1.0]]], [[[-0.9478518213447035, 0.31692804473422975, 0.03366807440984016, -0.3639127431115568], [-0.3167282998752427, -0.9484495845646925, 0.011250315426702061, 0.07342101888547425], [0.03549801165793409, 1.2238749617973015e-16, 0.9993697469747286, -0.05820501519921454], [0.0, 0.0, 0.0, 1.0]], [[0.04314587450874118, -0.999003120934583, 0.01145416412659688, 0.4038955410614023], [-0.9655575119196506, -0.044640389368407855, -0.2563316734478417, 0.010034372992564943], [0.2565874601152791, 0.0, -0.9665210164872723, 0.05037261356438881], [0.0, 0.0, 0.0, 1.0]]], [[[0.2810405076528347, 0.06759835783512175, -0.957312224447297, -0.22302383905576914], [-0.9307664263787863, -0.223876203742817, -0.28905588546813615, 0.022135199748768195], [-0.2338591297860754, 0.9722704908695419, -5.953439722744052e-17, -0.22538772573235125], [0.0, 0.0, 0.0, 1.0]], [[0.11929951977076021, -0.9270225965093774, 0.3555231780678695, 0.27274330366193766], [-0.2949112965961767, -0.37500547404139584, -0.8788618899343342, 0.0319389985739533], [0.9480479691041103, 0.0, -0.3181274088750796, 0.16535204699569642], [0.0, 0.0, 0.0, 1.0]]], [[[-0.9478518213447035, 0.31692804473422975, 0.03366807440984016, -0.3639127431115568], [-0.3167282998752427, -0.9484495845646925, 0.011250315426702061, 0.07342101888547425], [0.03549801165793409, 1.2238749617973015e-16, 0.9993697469747286, -0.05820501519921454], [0.0, 0.0, 0.0, 1.0]], [[0.24308787652627162, -0.9677888089747417, 0.06552179415430286, 0.40106779528517766], [0.9344396560076791, 0.25176342312427097, 0.2518684340226058, -0.009972848235085013], [-0.2602514429666022, 1.1824465452731065e-16, 0.9655408776607034, 0.046144241777470035], [0.0, 0.0, 0.0, 1.0]]], [[[0.22535446717301275, -0.5325141696325311, -0.8158701019560305, -0.27968344928418254], [-0.14177865908956813, -0.8464210885490602, 0.5132934372132456, 0.0735385325854904], [-0.9639056883076952, 0.0, -0.26624391833066996, -0.1654796345839215], [0.0, 0.0, 0.0, 1.0]], [[0.08410130673475137, 0.023319076099040884, 0.9961843157244519, 0.2717642092177165], [-0.9599661246222684, -0.2661733090922115, 0.08727433245007146, 0.02498777554532707], [0.2671928325820339, -0.9636430823789424, 1.7701836245337912e-16, 0.23119009343551775], [0.0, 0.0, 0.0, 1.0]]], [[[0.22535446717301275, -0.5325141696325311, -0.8158701019560305, -0.27968344928418254], [-0.14177865908956813, -0.8464210885490602, 0.5132934372132456, 0.0735385325854904], [-0.9639056883076952, 0.0, -0.26624391833066996, -0.1654796345839215], [0.0, 0.0, 0.0, 1.0]], [[-0.13656714186497645, -0.0396169086175915, -0.9898383283720714, -0.23756382438093449], [-0.9506464101516351, -0.2757740364505443, 0.14219734064174055, 0.02561050541967446], [-0.2786051302984939, 0.960405737889648, -5.880789063946546e-17, -0.22250698672872643], [0.0, 0.0, 0.0, 1.0]]], [[[0.22535446717301275, -0.5325141696325311, -0.8158701019560305, -0.27968344928418254], [-0.14177865908956813, -0.8464210885490602, 0.5132934372132456, 0.0735385325854904], [-0.9639056883076952, 0.0, -0.26624391833066996, -0.1654796345839215], [0.0, 0.0, 0.0, 1.0]], [[0.15263262376346245, 0.8275328072262041, 0.5402709830514678, -0.20865398576954863], [0.22498147090779985, -0.5614173607614197, 0.7963629102261386, 0.05152522583237486], [0.9623339440709988, 0.0, -0.271870152993586, -0.16535213871490098], [0.0, 0.0, 0.0, 1.0]]], [[[-0.24100687310253877, -0.9381758516453819, -0.2484788894590425, -0.08408384035799994], [-0.06182408984367733, -0.24066478849594924, 0.9686373116358882, 0.021485511952612505], [-0.9685522541568615, 0.24881023083398782, -1.5235232639297864e-17, -0.18205396383875572], [0.0, 0.0, 0.0, 1.0]], [[-0.22055511383194415, 0.6763886973524315, 0.7027473029876807, -0.05249411622437067], [0.21786041020027755, -0.668124699082309, 0.7114395463730849, 0.05817274676386068], [0.9507324983558441, 0.3100124458308973, -1.8982787474132533e-17, -0.186279700735821], [0.0, 0.0, 0.0, 1.0]]], [[[0.1774674120362345, -0.06008716638032053, -0.9822906138722619, 0.08400315175992563], [-0.9304074826327906, 0.31501867621215474, -0.1873636835100521, -0.01424019489283869], [0.320698041662363, 0.9471814852888147, -5.799813870852913e-17, -0.22866884619299968], [0.0, 0.0, 0.0, 1.0]], [[0.03261069931355273, 0.9994641556874774, 0.002818472316545852, -0.40045104758859384], [0.9957520547167563, -0.03273226994753166, 0.08606069969178705, 0.009233249277744177], [0.0861068395520303, 0.0, -0.9962859088546626, 0.15412602068607884], [0.0, 0.0, 0.0, 1.0]]], [[[-0.14925294454172544, -0.8131736843362851, -0.5625585459741737, 0.13771366583258746], [-0.1015576205436903, -0.5533156127908196, 0.8267574507383793, 0.04487187840707079], [-0.9835698288658149, 0.1805280912901689, -1.1054157457734325e-17, -0.17754151510452088], [0.0, 0.0, 0.0, 1.0]], [[0.03261069931355273, 0.9994641556874774, 0.002818472316545852, -0.40045104758859384], [0.9957520547167563, -0.03273226994753166, 0.08606069969178705, 0.009233249277744177], [0.0861068395520303, 0.0, -0.9962859088546626, 0.15412602068607884], [0.0, 0.0, 0.0, 1.0]]], [[[0.03261069931355273, 0.9994641556874774, 0.002818472316545852, -0.40045104758859384], [0.9957520547167563, -0.03273226994753166, 0.08606069969178705, 0.009233249277744177], [0.0861068395520303, 0.0, -0.9962859088546626, 0.15412602068607884], [0.0, 0.0, 0.0, 1.0]], [[-0.35035743238673384, -0.02235749060530213, -0.9363491935091358, 0.041089427845610926], [-0.9344485206419489, -0.05963031490175359, 0.35107006111998634, 0.011048255482065977], [-0.06368384286024571, 0.9979701238807461, -6.110804589276216e-17, -0.23044290120896663], [0.0, 0.0, 0.0, 1.0]]], [[[0.9332938936577553, -0.3583042754536268, -0.024094693457234594, -0.3181315848582418], [-0.35818492861285867, -0.9336048661996421, 0.009247200816994835, 0.0770111419799095], [-0.025808234649970414, 0.0, -0.999666912038331, 0.0014201163532084806], [0.0, 0.0, 0.0, 1.0]], [[-0.9407747114278378, -0.1414745251481939, 0.3081037180430671, 0.35206580036195084], [0.13444794691656947, -0.9899418966455017, -0.04403170262238632, 0.07293717263779861], [0.31123414322305326, 1.163822586934564e-16, 0.9503332615941695, 0.032074568028683796], [0.0, 0.0, 0.0, 1.0]]], [[[0.9332938936577553, -0.3583042754536268, -0.024094693457234594, -0.3181315848582418], [-0.35818492861285867, -0.9336048661996421, 0.009247200816994835, 0.0770111419799095], [-0.025808234649970414, 0.0, -0.999666912038331, 0.0014201163532084806], [0.0, 0.0, 0.0, 1.0]], [[-0.975768700897127, -0.03750547393265618, -0.21556618884839046, -0.33998936866297336], [0.03662243430749799, -0.9992964222016842, 0.00809060444627882, 0.08299685926345983], [-0.21571796321800854, 1.195813363995674e-16, 0.9764557134581546, 0.07909438092574167], [0.0, 0.0, 0.0, 1.0]]], [[[0.9332938936577553, -0.3583042754536268, -0.024094693457234594, -0.3181315848582418], [-0.35818492861285867, -0.9336048661996421, 0.009247200816994835, 0.0770111419799095], [-0.025808234649970414, 0.0, -0.999666912038331, 0.0014201163532084806], [0.0, 0.0, 0.0, 1.0]], [[0.3320632318541931, 0.0720931458580609, 0.9404980533583454, -0.21465500972240875], [0.024001938362988504, -0.9973979037075867, 0.0679803547690871, 0.07309925180495735], [0.9429517044925301, 0.0, -0.3329295465930177, -0.16526705938091452], [0.0, 0.0, 0.0, 1.0]]], [[[0.03261069931355273, 0.9994641556874774, 0.002818472316545852, -0.40045104758859384], [0.9957520547167563, -0.03273226994753166, 0.08606069969178705, 0.009233249277744177], [0.0861068395520303, 0.0, -0.9962859088546626, 0.15412602068607884], [0.0, 0.0, 0.0, 1.0]], [[-0.22055511383194415, 0.6763886973524315, 0.7027473029876807, -0.05249411622437067], [0.21786041020027755, -0.668124699082309, 0.7114395463730849, 0.05817274676386068], [0.9507324983558441, 0.3100124458308973, -1.8982787474132533e-17, -0.186279700735821], [0.0, 0.0, 0.0, 1.0]]], [[[0.22535446717301275, -0.5325141696325311, -0.8158701019560305, -0.27968344928418254], [-0.14177865908956813, -0.8464210885490602, 0.5132934372132456, 0.0735385325854904], [-0.9639056883076952, 0.0, -0.26624391833066996, -0.1654796345839215], [0.0, 0.0, 0.0, 1.0]], [[0.2810405076528347, 0.06759835783512175, -0.957312224447297, -0.22302383905576914], [-0.9307664263787863, -0.223876203742817, -0.28905588546813615, 0.022135199748768195], [-0.2338591297860754, 0.9722704908695419, -5.953439722744052e-17, -0.22538772573235125], [0.0, 0.0, 0.0, 1.0]]], [[[0.9332938936577553, -0.3583042754536268, -0.024094693457234594, -0.3181315848582418], [-0.35818492861285867, -0.9336048661996421, 0.009247200816994835, 0.0770111419799095], [-0.025808234649970414, 0.0, -0.999666912038331, 0.0014201163532084806], [0.0, 0.0, 0.0, 1.0]], [[-0.24100687310253877, -0.9381758516453819, -0.2484788894590425, -0.08408384035799994], [-0.06182408984367733, -0.24066478849594924, 0.9686373116358882, 0.021485511952612505], [-0.9685522541568615, 0.24881023083398782, -1.5235232639297864e-17, -0.18205396383875572], [0.0, 0.0, 0.0, 1.0]]], [[[0.03261069931355273, 0.9994641556874774, 0.002818472316545852, -0.40045104758859384], [0.9957520547167563, -0.03273226994753166, 0.08606069969178705, 0.009233249277744177], [0.0861068395520303, 0.0, -0.9962859088546626, 0.15412602068607884], [0.0, 0.0, 0.0, 1.0]], [[-0.16848515487996804, -0.6817856002447031, -0.7118856283730155, 0.028029645628881203], [0.15702334940653703, -0.7315520455162229, 0.6634570614909323, 0.06372042008060866], [-0.9731168585150634, 2.820507534525419e-17, 0.23031191821912783, -0.16535482729474527], [0.0, 0.0, 0.0, 1.0]]], [[[0.03261069931355273, 0.9994641556874774, 0.002818472316545852, -0.40045104758859384], [0.9957520547167563, -0.03273226994753166, 0.08606069969178705, 0.009233249277744177], [0.0861068395520303, 0.0, -0.9962859088546626, 0.15412602068607884], [0.0, 0.0, 0.0, 1.0]], [[-0.1868037383584783, -0.05484176981793069, 0.9808653035042754, -0.029823469982129605], [0.9411452918376838, 0.27630107359598755, 0.1946875866136968, -0.011626791309140433], [-0.2816911482227623, 0.9595051313114181, -5.875274439129945e-17, -0.22982387516836394], [0.0, 0.0, 0.0, 1.0]]], [[[0.22535446717301275, -0.5325141696325311, -0.8158701019560305, -0.27968344928418254], [-0.14177865908956813, -0.8464210885490602, 0.5132934372132456, 0.0735385325854904], [-0.9639056883076952, 0.0, -0.26624391833066996, -0.1654796345839215], [0.0, 0.0, 0.0, 1.0]], [[-0.2690096912344464, -0.883918941283651, -0.38251939985043565, 0.2213001730630115], [-0.1113715120242036, -0.3659473699473466, 0.9239474599445915, 0.028789105302595763], [-0.9566766289250462, 0.29115258485647955, -1.7827954055398292e-17, -0.18486275150850975], [0.0, 0.0, 0.0, 1.0]]], [[[-0.22055511383194415, 0.6763886973524315, 0.7027473029876807, -0.05249411622437067], [0.21786041020027755, -0.668124699082309, 0.7114395463730849, 0.05817274676386068], [0.9507324983558441, 0.3100124458308973, -1.8982787474132533e-17, -0.186279700735821], [0.0, 0.0, 0.0, 1.0]], [[-0.1525269466065021, 0.3586640382418334, 0.9209210814347547, 0.10467765215651625], [-0.05860512189905301, -0.9334667148174384, 0.3538436547617273, 0.0690946533633284], [0.9865601706161132, 2.001052999323105e-17, 0.1633983774518756, -0.1652000864714212], [0.0, 0.0, 0.0, 1.0]]], [[[0.03261069931355273, 0.9994641556874774, 0.002818472316545852, -0.40045104758859384], [0.9957520547167563, -0.03273226994753166, 0.08606069969178705, 0.009233249277744177], [0.0861068395520303, 0.0, -0.9962859088546626, 0.15412602068607884], [0.0, 0.0, 0.0, 1.0]], [[-0.1122882215896058, -0.010311793718091307, 0.9936221727611352, -0.05812760263308826], [0.9894587074725184, 0.09086522112102263, 0.112760710344698, 0.0008901416485435198], [-0.09144846362327147, 0.995809810406055, -6.09757648436654e-17, -0.228489658804444], [0.0, 0.0, 0.0, 1.0]]], [[[0.15263262376346245, 0.8275328072262041, 0.5402709830514678, -0.20865398576954863], [0.22498147090779985, -0.5614173607614197, 0.7963629102261386, 0.05152522583237486], [0.9623339440709988, 0.0, -0.271870152993586, -0.16535213871490098], [0.0, 0.0, 0.0, 1.0]], [[-0.22055511383194415, 0.6763886973524315, 0.7027473029876807, -0.05249411622437067], [0.21786041020027755, -0.668124699082309, 0.7114395463730849, 0.05817274676386068], [0.9507324983558441, 0.3100124458308973, -1.8982787474132533e-17, -0.186279700735821], [0.0, 0.0, 0.0, 1.0]]], [[[0.082155698363923, -0.9454725673851663, -0.31516989949618934, -0.18576841881205935], [-0.23848800664728903, -0.32570174135564883, 0.9148999105712606, 0.02799701495804436], [-0.9676641524370627, 0.0, -0.2522421219548021, -0.16535604090008493], [0.0, 0.0, 0.0, 1.0]], [[0.11665555428233249, -0.9159675027594398, 0.3839205849439666, 0.3106751232028599], [-0.2662979253942203, -0.40125245655152775, -0.8764028075275083, 0.04070111792552132], [0.9568055688517998, 0.0, -0.2907285734395296, 0.16534993872273623], [0.0, 0.0, 0.0, 1.0]]], [[[-0.29740679574724355, 0.9546579382077128, -0.013319867129823481, -0.3967357017115992], [0.9537019268425365, 0.29770492272886384, 0.04271315628508787, -0.013071573833831146], [0.04474184372810863, 0.0, -0.998998582291191, -0.08571619446369706], [0.0, 0.0, 0.0, 1.0]], [[-0.19828355894709024, -0.9794147370794483, -0.037820669519071135, 0.40479926949447875], [0.9620701299603827, -0.20185829879297754, 0.18350556461976156, 0.020646602416545243], [-0.18736247033301062, 1.2029593394975508e-16, 0.9822908452748155, 0.07616775218135426], [0.0, 0.0, 0.0, 1.0]]], [[[-0.13656714186497645, -0.0396169086175915, -0.9898383283720714, -0.23756382438093449], [-0.9506464101516351, -0.2757740364505443, 0.14219734064174055, 0.02561050541967446], [-0.2786051302984939, 0.960405737889648, -5.880789063946546e-17, -0.22250698672872643], [0.0, 0.0, 0.0, 1.0]], [[0.08410130673475137, 0.023319076099040884, 0.9961843157244519, 0.2717642092177165], [-0.9599661246222684, -0.2661733090922115, 0.08727433245007146, 0.02498777554532707], [0.2671928325820339, -0.9636430823789424, 1.7701836245337912e-16, 0.23119009343551775], [0.0, 0.0, 0.0, 1.0]]], [[[-0.11259709232370962, -0.015918853317817092, 0.9935132031882072, -0.1569004756067507], [-0.9837304466007007, -0.13907873072500235, -0.11371681973528878, 0.01641282296557434], [0.1399867966310819, -0.9901533703265207, 1.818882233453006e-16, 0.2381951705093875], [0.0, 0.0, 0.0, 1.0]], [[0.13050402755889481, -0.009776215290269235, -0.9913995785784385, 0.18914008743323363], [-0.9886295180530047, 0.07405943855977556, -0.130869689365011, 0.0020224855716563742], [0.07470190643612026, 0.997205909115469, -6.106125123445427e-17, -0.23237480188728735], [0.0, 0.0, 0.0, 1.0]]], [[[-0.16029013428130984, 0.986594314960567, -0.030638709822201564, -0.4027063037132279], [0.9690502576588437, 0.16319208831156434, 0.18522942650626337, -0.0039919245259207765], [0.18774629419354272, 0.0, -0.9822175568663959, -0.05807465718316762], [0.0, 0.0, 0.0, 1.0]], [[-0.9368145333886303, 0.23215134911081567, 0.2616950155006227, 0.32684556378872476], [-0.22359134592160526, -0.9726796754872737, 0.06245925810427851, 0.07685029823747895], [0.2690454237871517, 1.1794909964931387e-16, 0.9631274889334184, 0.05254147108737043], [0.0, 0.0, 0.0, 1.0]]], [[[0.10327984349914765, 0.9941594013945738, -0.03131067782042177, -0.4021748405218441], [-0.9513996331662435, 0.10792165963689904, 0.2884296333464277, -0.00026345869406068766], [0.2901241319468771, 1.1719735425049568e-16, 0.9569890219130369, 0.056419106554982744], [0.0, 0.0, 0.0, 1.0]], [[0.018952126063923536, -0.999794552238635, 0.007188200860060487, 0.41724413659523574], [-0.9348142098349602, -0.020269516865170326, -0.35455823185577223, 0.008389253187273113], [0.35463109001932713, 0.0, -0.935006304787141, -0.07133866163248506], [0.0, 0.0, 0.0, 1.0]]], [[[-0.16029013428130984, 0.986594314960567, -0.030638709822201564, -0.4027063037132279], [0.9690502576588437, 0.16319208831156434, 0.18522942650626337, -0.0039919245259207765], [0.18774629419354272, 0.0, -0.9822175568663959, -0.05807465718316762], [0.0, 0.0, 0.0, 1.0]], [[-0.9603280295462696, -0.1392557974488327, 0.24161518690816766, 0.35191343499916994], [0.13504708453455952, -0.9902564429868103, -0.033977376029144093, 0.07857348421392611], [0.24399254215343272, 1.1876344313075967e-16, 0.9697771080890214, 0.05968266567354246], [0.0, 0.0, 0.0, 1.0]]], [[[-0.35035743238673384, -0.02235749060530213, -0.9363491935091358, 0.041089427845610926], [-0.9344485206419489, -0.05963031490175359, 0.35107006111998634, 0.011048255482065977], [-0.06368384286024571, 0.9979701238807461, -6.110804589276216e-17, -0.23044290120896663], [0.0, 0.0, 0.0, 1.0]], [[0.15308529910997323, 0.6973355614160673, 0.7002056883380399, -0.037709002398488616], [0.14893979325481638, -0.7167448045047401, 0.6812443197566306, 0.056681906118158015], [0.9769246793799523, 0.0, -0.2135841071296678, 0.1653005134002753], [0.0, 0.0, 0.0, 1.0]]], [[[-0.010919276553468336, 0.0005606874211678569, 0.9999402257281006, -0.21269282997130776], [-0.9986245763639701, 0.0512777779456759, -0.010933662279189859, 0.003567108980759226], [-0.051280843220741806, -0.9986842719891857, 1.8345532455755413e-16, 0.24079712456379335], [0.0, 0.0, 0.0, 1.0]], [[0.15114553186955307, -0.0357242356996865, -0.9878657839906914, 0.16702810008994307], [-0.9613773065950761, 0.22722781859521585, -0.15530998944194427, -0.008315653573127926], [0.2300189178303973, 0.9731861576492615, -5.959046564698398e-17, -0.2297952480326324], [0.0, 0.0, 0.0, 1.0]]], [[[-0.12431721357158801, 0.04358245778661212, -0.9912849236133244, 0.04198833063233708], [-0.9354648349962296, 0.3279502130942309, 0.1317353415637795, -0.015131852090972862], [0.3308334518987965, 0.9436891580942991, -5.77842953425122e-17, -0.23487819331481324], [0.0, 0.0, 0.0, 1.0]], [[0.06431152559625976, -0.9979219178445515, -0.003984163768432226, 0.41650680076228247], [-0.9960124365614778, -0.06443481889050408, 0.06170397336814115, 0.011374156011502625], [-0.0618324663130136, 0.0, -0.9980865423948216, 0.16290950096615014], [0.0, 0.0, 0.0, 1.0]]], [[[-0.2674800937382968, 0.01981836822797541, -0.963359554753329, -0.24754494760297877], [-0.9607260893148292, 0.07118295473192462, 0.26821328875629497, 0.002218748255570299], [0.07389032929678184, 0.9972663732606314, -6.10649535955461e-17, -0.22749794685194155], [0.0, 0.0, 0.0, 1.0]], [[0.11665555428233249, -0.9159675027594398, 0.3839205849439666, 0.3106751232028599], [-0.2662979253942203, -0.40125245655152775, -0.8764028075275083, 0.04070111792552132], [0.9568055688517998, 0.0, -0.2907285734395296, 0.16534993872273623], [0.0, 0.0, 0.0, 1.0]]], [[[-0.2674800937382968, 0.01981836822797541, -0.963359554753329, -0.24754494760297877], [-0.9607260893148292, 0.07118295473192462, 0.26821328875629497, 0.002218748255570299], [0.07389032929678184, 0.9972663732606314, -6.10649535955461e-17, -0.22749794685194155], [0.0, 0.0, 0.0, 1.0]], [[-0.3061651800855461, 0.03959676333781119, -0.9511545504471682, -0.01493437923262592], [0.9432981791486948, -0.1219980493742065, -0.30871511327378437, 0.015258506284907162], [-0.1282631190870624, -0.9917401737764071, 1.821797144101675e-16, 0.23403636014746704], [0.0, 0.0, 0.0, 1.0]]], [[[-0.270043161019392, -0.04856725297660062, -0.9616225419180654, -0.23862933970407682], [-0.9464376173989993, -0.17021677207921382, 0.2743758132107099, 0.01848539008405055], [-0.17700996457476667, 0.9842090593167895, -6.026542370920669e-17, -0.22286393863057996], [0.0, 0.0, 0.0, 1.0]], [[-0.3061651800855461, 0.03959676333781119, -0.9511545504471682, -0.01493437923262592], [0.9432981791486948, -0.1219980493742065, -0.30871511327378437, 0.015258506284907162], [-0.1282631190870624, -0.9917401737764071, 1.821797144101675e-16, 0.23403636014746704], [0.0, 0.0, 0.0, 1.0]]], [[[-0.019646140849522584, 0.19509416366034596, 0.9805877301166842, -0.03754196394107537], [0.09824908300422157, -0.9756533268247595, 0.1960808597099909, 0.07456421169957486], [0.9949679124668044, 0.10019407747691328, -6.135117813781188e-18, 0.15858899001264062], [0.0, 0.0, 0.0, 1.0]], [[-0.05972156880243116, -0.016758077402565782, -0.9980743965564621, -0.07651671756770691], [0.9609590208834254, 0.2696484030071651, -0.06202821082744451, -0.011174951323157696], [0.270168640671979, -0.9628130169443365, 1.768658819067432e-16, 0.23398070543556676], [0.0, 0.0, 0.0, 1.0]]], [[[0.15263262376346245, 0.8275328072262041, 0.5402709830514678, -0.20865398576954863], [0.22498147090779985, -0.5614173607614197, 0.7963629102261386, 0.05152522583237486], [0.9623339440709988, 0.0, -0.271870152993586, -0.16535213871490098], [0.0, 0.0, 0.0, 1.0]], [[-0.16848515487996804, -0.6817856002447031, -0.7118856283730155, 0.028029645628881203], [0.15702334940653703, -0.7315520455162229, 0.6634570614909323, 0.06372042008060866], [-0.9731168585150634, 2.820507534525419e-17, 0.23031191821912783, -0.16535482729474527], [0.0, 0.0, 0.0, 1.0]]], [[[-0.13656714186497645, -0.0396169086175915, -0.9898383283720714, -0.23756382438093449], [-0.9506464101516351, -0.2757740364505443, 0.14219734064174055, 0.02561050541967446], [-0.2786051302984939, 0.960405737889648, -5.880789063946546e-17, -0.22250698672872643], [0.0, 0.0, 0.0, 1.0]], [[-0.3061651800855461, 0.03959676333781119, -0.9511545504471682, -0.01493437923262592], [0.9432981791486948, -0.1219980493742065, -0.30871511327378437, 0.015258506284907162], [-0.1282631190870624, -0.9917401737764071, 1.821797144101675e-16, 0.23403636014746704], [0.0, 0.0, 0.0, 1.0]]], [[[-0.11259709232370962, -0.015918853317817092, 0.9935132031882072, -0.1569004756067507], [-0.9837304466007007, -0.13907873072500235, -0.11371681973528878, 0.01641282296557434], [0.1399867966310819, -0.9901533703265207, 1.818882233453006e-16, 0.2381951705093875], [0.0, 0.0, 0.0, 1.0]], [[-0.35137020510146805, 0.024183837838985842, 0.9359242068428031, 0.05834419350226306], [0.9337152277595527, -0.06426503251579867, 0.35220147507594296, 0.01135892955656528], [0.06866478294496403, 0.9976397884923802, -6.10878186839618e-17, -0.23047223264177968], [0.0, 0.0, 0.0, 1.0]]], [[[-0.270043161019392, -0.04856725297660062, -0.9616225419180654, -0.23862933970407682], [-0.9464376173989993, -0.17021677207921382, 0.2743758132107099, 0.01848539008405055], [-0.17700996457476667, 0.9842090593167895, -6.026542370920669e-17, -0.22286393863057996], [0.0, 0.0, 0.0, 1.0]], [[-0.019646140849522584, 0.19509416366034596, 0.9805877301166842, -0.03754196394107537], [0.09824908300422157, -0.9756533268247595, 0.1960808597099909, 0.07456421169957486], [0.9949679124668044, 0.10019407747691328, -6.135117813781188e-18, 0.15858899001264062], [0.0, 0.0, 0.0, 1.0]]], [[[-0.270043161019392, -0.04856725297660062, -0.9616225419180654, -0.23862933970407682], [-0.9464376173989993, -0.17021677207921382, 0.2743758132107099, 0.01848539008405055], [-0.17700996457476667, 0.9842090593167895, -6.026542370920669e-17, -0.22286393863057996], [0.0, 0.0, 0.0, 1.0]], [[0.15308529910997323, 0.6973355614160673, 0.7002056883380399, -0.037709002398488616], [0.14893979325481638, -0.7167448045047401, 0.6812443197566306, 0.056681906118158015], [0.9769246793799523, 0.0, -0.2135841071296678, 0.1653005134002753], [0.0, 0.0, 0.0, 1.0]]], [[[0.2810405076528347, 0.06759835783512175, -0.957312224447297, -0.22302383905576914], [-0.9307664263787863, -0.223876203742817, -0.28905588546813615, 0.022135199748768195], [-0.2338591297860754, 0.9722704908695419, -5.953439722744052e-17, -0.22538772573235125], [0.0, 0.0, 0.0, 1.0]], [[-0.3061651800855461, 0.03959676333781119, -0.9511545504471682, -0.01493437923262592], [0.9432981791486948, -0.1219980493742065, -0.30871511327378437, 0.015258506284907162], [-0.1282631190870624, -0.9917401737764071, 1.821797144101675e-16, 0.23403636014746704], [0.0, 0.0, 0.0, 1.0]]], [[[0.082155698363923, -0.9454725673851663, -0.31516989949618934, -0.18576841881205935], [-0.23848800664728903, -0.32570174135564883, 0.9148999105712606, 0.02799701495804436], [-0.9676641524370627, 0.0, -0.2522421219548021, -0.16535604090008493], [0.0, 0.0, 0.0, 1.0]], [[0.9425107250757707, -0.33385267001962265, -0.014694483247596816, 0.36504901123704986], [-0.3338121021942859, -0.9426252673893104, 0.0052043931310645514, 0.07346809026579826], [-0.015588891743051376, 0.0, -0.9998784858442666, 0.13894339793152294], [0.0, 0.0, 0.0, 1.0]]], [[[-0.270043161019392, -0.04856725297660062, -0.9616225419180654, -0.23862933970407682], [-0.9464376173989993, -0.17021677207921382, 0.2743758132107099, 0.01848539008405055], [-0.17700996457476667, 0.9842090593167895, -6.026542370920669e-17, -0.22286393863057996], [0.0, 0.0, 0.0, 1.0]], [[0.10882229432912935, -0.20664969321680754, -0.9723443898898907, 0.009389400243504258], [-0.02298420796024733, -0.9784149959467093, 0.20536752881368753, 0.07027504115296052], [-0.9937954691189654, 0.0, -0.11122304418876311, 0.16506632227778367], [0.0, 0.0, 0.0, 1.0]]], [[[-0.13656714186497645, -0.0396169086175915, -0.9898383283720714, -0.23756382438093449], [-0.9506464101516351, -0.2757740364505443, 0.14219734064174055, 0.02561050541967446], [-0.2786051302984939, 0.960405737889648, -5.880789063946546e-17, -0.22250698672872643], [0.0, 0.0, 0.0, 1.0]], [[0.10882229432912935, -0.20664969321680754, -0.9723443898898907, 0.009389400243504258], [-0.02298420796024733, -0.9784149959467093, 0.20536752881368753, 0.07027504115296052], [-0.9937954691189654, 0.0, -0.11122304418876311, 0.16506632227778367], [0.0, 0.0, 0.0, 1.0]]], [[[-0.270043161019392, -0.04856725297660062, -0.9616225419180654, -0.23862933970407682], [-0.9464376173989993, -0.17021677207921382, 0.2743758132107099, 0.01848539008405055], [-0.17700996457476667, 0.9842090593167895, -6.026542370920669e-17, -0.22286393863057996], [0.0, 0.0, 0.0, 1.0]], [[0.05924077041249011, 0.7648164828026924, -0.6415187282957946, -0.0962673343689778], [0.07032742570891831, -0.6442482034381771, -0.7615761981311113, 0.051023700833093655], [-0.9957633174173928, 0.0, -0.09195333428380283, 0.16535215760640798], [0.0, 0.0, 0.0, 1.0]]], [[[-0.13656714186497645, -0.0396169086175915, -0.9898383283720714, -0.23756382438093449], [-0.9506464101516351, -0.2757740364505443, 0.14219734064174055, 0.02561050541967446], [-0.2786051302984939, 0.960405737889648, -5.880789063946546e-17, -0.22250698672872643], [0.0, 0.0, 0.0, 1.0]], [[0.05924077041249011, 0.7648164828026924, -0.6415187282957946, -0.0962673343689778], [0.07032742570891831, -0.6442482034381771, -0.7615761981311113, 0.051023700833093655], [-0.9957633174173928, 0.0, -0.09195333428380283, 0.16535215760640798], [0.0, 0.0, 0.0, 1.0]]], [[[0.22535446717301275, -0.5325141696325311, -0.8158701019560305, -0.27968344928418254], [-0.14177865908956813, -0.8464210885490602, 0.5132934372132456, 0.0735385325854904], [-0.9639056883076952, 0.0, -0.26624391833066996, -0.1654796345839215], [0.0, 0.0, 0.0, 1.0]], [[0.06431152559625976, -0.9979219178445515, -0.003984163768432226, 0.41650680076228247], [-0.9960124365614778, -0.06443481889050408, 0.06170397336814115, 0.011374156011502625], [-0.0618324663130136, 0.0, -0.9980865423948216, 0.16290950096615014], [0.0, 0.0, 0.0, 1.0]]], [[[-0.270043161019392, -0.04856725297660062, -0.9616225419180654, -0.23862933970407682], [-0.9464376173989993, -0.17021677207921382, 0.2743758132107099, 0.01848539008405055], [-0.17700996457476667, 0.9842090593167895, -6.026542370920669e-17, -0.22286393863057996], [0.0, 0.0, 0.0, 1.0]], [[0.11665555428233249, -0.9159675027594398, 0.3839205849439666, 0.3106751232028599], [-0.2662979253942203, -0.40125245655152775, -0.8764028075275083, 0.04070111792552132], [0.9568055688517998, 0.0, -0.2907285734395296, 0.16534993872273623], [0.0, 0.0, 0.0, 1.0]]], [[[-0.010919276553468336, 0.0005606874211678569, 0.9999402257281006, -0.21269282997130776], [-0.9986245763639701, 0.0512777779456759, -0.010933662279189859, 0.003567108980759226], [-0.051280843220741806, -0.9986842719891857, 1.8345532455755413e-16, 0.24079712456379335], [0.0, 0.0, 0.0, 1.0]], [[-0.1868037383584783, -0.05484176981793069, 0.9808653035042754, -0.029823469982129605], [0.9411452918376838, 0.27630107359598755, 0.1946875866136968, -0.011626791309140433], [-0.2816911482227623, 0.9595051313114181, -5.875274439129945e-17, -0.22982387516836394], [0.0, 0.0, 0.0, 1.0]]], [[[-0.2674800937382968, 0.01981836822797541, -0.963359554753329, -0.24754494760297877], [-0.9607260893148292, 0.07118295473192462, 0.26821328875629497, 0.002218748255570299], [0.07389032929678184, 0.9972663732606314, -6.10649535955461e-17, -0.22749794685194155], [0.0, 0.0, 0.0, 1.0]], [[-0.2570219177224542, -0.7043765405043111, -0.6616595975253822, -0.02195651911879582], [0.2550485280753218, -0.7098265204873502, 0.6565794385597475, 0.05222619770836843], [-0.9321426833574804, 4.4343379651891606e-17, 0.3620911734123275, 0.16535061872367662], [0.0, 0.0, 0.0, 1.0]]], [[[-0.270043161019392, -0.04856725297660062, -0.9616225419180654, -0.23862933970407682], [-0.9464376173989993, -0.17021677207921382, 0.2743758132107099, 0.01848539008405055], [-0.17700996457476667, 0.9842090593167895, -6.026542370920669e-17, -0.22286393863057996], [0.0, 0.0, 0.0, 1.0]], [[-0.2570219177224542, -0.7043765405043111, -0.6616595975253822, -0.02195651911879582], [0.2550485280753218, -0.7098265204873502, 0.6565794385597475, 0.05222619770836843], [-0.9321426833574804, 4.4343379651891606e-17, 0.3620911734123275, 0.16535061872367662], [0.0, 0.0, 0.0, 1.0]]], [[[-0.13656714186497645, -0.0396169086175915, -0.9898383283720714, -0.23756382438093449], [-0.9506464101516351, -0.2757740364505443, 0.14219734064174055, 0.02561050541967446], [-0.2786051302984939, 0.960405737889648, -5.880789063946546e-17, -0.22250698672872643], [0.0, 0.0, 0.0, 1.0]], [[-0.2570219177224542, -0.7043765405043111, -0.6616595975253822, -0.02195651911879582], [0.2550485280753218, -0.7098265204873502, 0.6565794385597475, 0.05222619770836843], [-0.9321426833574804, 4.4343379651891606e-17, 0.3620911734123275, 0.16535061872367662], [0.0, 0.0, 0.0, 1.0]]], [[[-0.05972156880243116, -0.016758077402565782, -0.9980743965564621, -0.07651671756770691], [0.9609590208834254, 0.2696484030071651, -0.06202821082744451, -0.011174951323157696], [0.270168640671979, -0.9628130169443365, 1.768658819067432e-16, 0.23398070543556676], [0.0, 0.0, 0.0, 1.0]], [[-0.2674800937382968, 0.01981836822797541, -0.963359554753329, -0.24754494760297877], [-0.9607260893148292, 0.07118295473192462, 0.26821328875629497, 0.002218748255570299], [0.07389032929678184, 0.9972663732606314, -6.10649535955461e-17, -0.22749794685194155], [0.0, 0.0, 0.0, 1.0]]]], "object": "meshes/1b59a85b6b7a0946b20a19462bcf2f46.stl", "object_scale": 0.014999959689483311, "metric": [1.8497923624420016, 1.8708543819863253, 1.937650331802422, 1.9401341537584358, 1.9484767358833193, 1.9714935779544904, 1.9999757641456257, 2.001394049115391, 2.011850347295637, 2.01436063358029, 2.017621196540437, 2.018287480198662, 2.020293991171357, 2.0497496908145543, 2.0521291209440125, 2.0780894253201354, 2.093107559338516, 2.097202919394704, 2.099089451840782, 2.111409011383242, 2.1126690118936233, 2.1135983713323974, 2.1222774761311216, 2.1331109666053965, 2.1337703638322982, 2.138003935102966, 2.1381102208186222, 2.1439312902832324, 2.145576357383963, 2.150661801032202, 2.156431257123584, 2.1576706540746042, 2.9998878907783313, 2.9996144882397187, 2.998488663247918, 2.9963772246830986, 2.9859557710325206, 2.976055955732764, 2.967683969596089, 2.943621794120693, 2.8711834801448872, 2.81196015039827, 2.7937973470154676, 2.780031964100961, 2.7781542022224364, 2.776907660325923, 2.7763748803181985, 2.776252798315357, 2.7712268629258046, 2.766662319068456, 2.7610563803370614, 2.7583699649845155, 2.752654565477025, 2.7500790612451755, 2.748221466038763, 2.7464427409669216, 2.7445250444589524, 2.734557319975293, 2.7303590623436196, 2.7242919957010696, 2.7229927283555178, 2.720035955620371, 2.717740783801303, 2.7119561841139945]}